0
0
0
0
0
0
0
0
0
0
0
0
0
0
0
0
0
0
0
0
0
0
0
0
-565780
-592710
-616190
-640050
-663880
-677220
-672370
-663050
-667610
-690650
-726010
-756010
-776130
-791280
-807880
-823240
-827910
-822960
-816310
-818950
-816160
-799930
-774160
-734180
-674620
-589100
-479960
-368450
-270510
-189510
-116100
-39260
54770
163980
279670
400490
508040
600590
676430
746300
812850
864950
899850
921090
944530
966920
976900
961220
919130
853210
778850
698960
625700
559970
499930
434650
353230
263120
177270
109940
53820
7630
-33320
-64050
-79870
-81240
-70800
-52600
-28660
950
34090
75400
130830
195480
266400
324200
368460
406290
447450
489860
529190
559460
578250
586910
583310
569740
544540
514100
472380
418480
350790
280430
206060
127600
44600
-44100
-131750
-218590
-300610
-379830
-457850
-529560
-593340
-649010
-701260
-751580
-795120
-834670
-871350
-901310
-923570
-937440
-951040
-953500
-933640
-895130
-860270
-839090
-830980
-832010
-826070
-810820
-788600
-765180
-742290
-710580
-671860
-633560
-603640
-569550
-528880
-483480
-427850
-353340
-261670
-163440
-70280
11500
79320
134010
188230
252860
334780
423990
517730
602980
673340
732010
782810
821420
840460
842210
837940
840450
844880
837140
810070
762430
695110
617870
540830
469800
408880
351490
290600
221200
152330
92360
45240
3270
-33040
-61190
-73980
-66550
-45100
-12160
27020
65390
106790
151070
203930
268440
340510
412250
476870
530690
578310
622830
666300
699220
725690
745210
756730
757990
747590
724480
689850
642050
581690
517810
447100
370150
289870
201910
107510
12920
-82120
-178850
-275900
-378230
-473710
-561100
-643170
-723600
-801260
-880080
-959340
-1037910
-1111140
-1170420
-1216300
-1250900
-1264140
-1261060
-1258290
-1261170
-1273210
-1285990
-1285120
-1268170
-1247190
-1218690
-1178450
-1131780
-1071160
-1006280
-948760
-893200
-829970
-757530
-673860
-571040
-450020
-317090
-192430
-89520
1430
82030
155080
233600
322680
419220
515450
599470
665610
722900
767770
792660
802820
797900
786690
785640
791020
783360
758330
716210
652410
574220
489100
409870
347440
295010
242980
192170
144890
107560
78360
51870
28540
14670
17920
42190
82280
133830
189960
248740
307800
366420
431540
505680
587790
675040
761690
843270
919700
986400
1039560
1074500
1096870
1111880
1119770
1119600
1113040
1093260
1057170
1004870
934720
854210
761600
660870
550610
436360
318060
198480
79690
-44840
-176910
-313300
-447970
-577330
-699000
-812060
-917980
-1021240
-1123070
-1228760
-1329740
-1421100
-1497120
-1555120
-1586560
-1598160
-1609290
-1615370
-1624820
-1632250
-1632880
-1629280
-1619570
-1594090
-1548550
-1484580
-1406070
-1320800
-1240040
-1161300
-1081250
-998230
-905030
-796260
-666200
-525210
-386810
-261840
-148320
-55050
21540
101660
182960
271040
365110
457130
546450
630250
690240
723050
733350
729350
722430
722440
727650
729090
725570
710030
677980
626440
566380
501150
441090
390270
347600
316100
294530
283830
277570
268360
256960
248800
249880
269420
303820
351500
406920
464280
521490
575880
627430
677650
730240
784450
842750
902870
965910
1023220
1066550
1092110
1102030
1101270
1084810
1056690
1024750
981380
931770
877110
810850
730990
643020
538550
423680
307690
190840
76290
-32500
-142180
-264110
-384580
-507330
-627310
-738480
-848760
-948060
-1037250
-1119400
-1194510
-1259260
-1324140
-1376170
-1415260
-1445040
-1456820
-1456890
-1460070
-1454610
-1448830
-1445260
-1429670
-1406550
-1385570
-1354430
-1303720
-1244920
-1171700
-1102630
-1041600
-972100
-908200
-842900
-764720
-671950
-571630
-461870
-361620
-274620
-190360
-118270
-50120
20600
86990
156730
236980
315380
391310
464740
519120
554580
578160
592130
609700
636700
659420
681970
699550
703020
694120
678770
651370
619400
589450
557180
533670
518510
507340
501460
495980
480380
459430
438780
420540
413110
416170
425870
441870
464490
486390
508090
525620
540300
557640
577350
598990
624520
654150
684350
711160
729190
740140
746100
744760
739650
730090
716760
706320
693040
669840
636670
593300
538040
479470
408010
333840
265270
196200
122950
42930
-35870
-118470
-200870
-288540
-373450
-466930
-549390
-629150
-701610
-774040
-842880
-914120
-980980
-1040180
-1096100
-1129870
-1147710
-1158430
-1176870
-1182230
-1188110
-1191390
-1184930
-1177920
-1167340
-1151460
-1126130
-1086950
-1031670
-978350
-916470
-865120
-807350
-749580
-680330
-602530
-515770
-433720
-350630
-263420
-186720
-116510
-54760
11040
71210
135180
201480
265410
331410
399150
455440
500500
532660
553710
570060
582380
592510
591700
590580
585030
572380
553320
528510
495510
457100
415320
370910
335260
303000
280100
258860
236810
218230
201360
186290
178240
178170
181350
194200
217620
247690
284930
329180
370770
410480
448610
487100
527820
570960
621020
669240
712140
748420
779810
799120
816020
824780
820410
806170
787790
757610
714320
676400
618730
556780
479080
411650
324090
248010
171150
82500
3510
-76800
-160030
-252210
-318420
-394210
-470130
-532920
-592410
-662290
-705120
-758600
-793220
-836200
-861840
-889540
-911880
-919710
-926130
-912170
-918590
-898530
-897020
-898740
-878050
-875440
-877590
-866670
-842860
-840930
-810920
-772370
-748470
-710390
-661460
-642080
-597640
-555650
-503560
-454370
-379980
-317790
-252020
-181450
-121180
-55370
4890
72790
143560
208510
287090
366780
443750
514490
578430
622950
655960
683670
697180
711130
729920
736300
735760
731970
719230
696730
670950
636510
590240
544720
501310
460610
425800
391840
361390
330510
305140
273250
246050
225820
212220
208480
217620
231980
247130
274170
304790
327210
354340
378760
405110
433640
466520
502690
541980
580170
611190
636050
654190
664020
661100
652820
647170
623870
598820
578020
543530
491950
446040
382520
317310
245460
182290
108270
50790
-16900
-89200
-148910
-225620
-288520
-358110
-414680
-476460
-535400
-582950
-617540
-657040
-694360
-715880
-736940
-772480
-788610
-801030
-810130
-797010
-795730
-779190
-765470
-753350
-754630
-743810
-729580
-733900
-720260
-720670
-709130
-699520
-675570
-642300
-611150
-586300
-552530
-517020
-481750
-438660
-383900
-333900
-266680
-206730
-142980
-70690
-4510
62440
135770
209580
280350
355990
440070
521370
602550
672120
733320
787900
833430
867240
897940
921460
935490
944880
947210
944230
932460
915010
889800
854380
813410
768540
723180
678550
637470
589140
547710
501730
462560
425480
394340
366780
335490
306610
284720
264940
259560
259660
268400
275080
280830
289120
288400
300800
301430
304090
314220
316060
319330
326120
324820
319490
311790
285850
257570
230250
201550
153350
135030
98000
53720
15000
-39810
-80000
-140970
-182100
-238540
-274920
-323940
-366490
-398030
-435300
-467890
-500080
-535290
-548910
-574880
-612730
-610060
-626280
-646000
-660520
-660400
-681980
-689600
-688160
-711460
-709330
-727180
-724860
-726350
-708760
-711060
-701450
-688710
-681090
-680660
-678550
-668130
-665610
-654830
-628510
-583150
-556620
-503100
-448220
-392520
-324560
-261850
-194370
-117520
-28620
51310
141920
228180
308930
385050
465220
535500
604530
666910
734410
798470
852420
906110
944960
977950
998900
1007980
1004090
998510
982510
958840
933750
899010
854740
816700
770360
717990
666870
607340
552760
495490
436890
388300
343600
296220
266060
231140
199980
177470
139270
117580
103120
76260
62380
62810
52320
45760
44420
45280
35420
29640
15370
11080
-7900
-19990
-30410
-50550
-59140
-81070
-107400
-119460
-145560
-179210
-189130
-210400
-233650
-254300
-267370
-280500
-300670
-311770
-323470
-316370
-342220
-328980
-325620
-339740
-312890
-317960
-308770
-286330
-263750
-265770
-237630
-204360
-240640
-190700
-178690
-193760
-158150
-164060
-170470
-148950
-157410
-192690
-174460
-195050
-247030
-228310
-262000
-291410
-259530
-309810
-298740
-305970
-331910
-347880
-332720
-356460
-370960
-330510
-360170
-328240
-298860
-294970
-251450
-208700
-196700
-141910
-69360
-45720
24060
103440
137160
202770
271030
297280
364770
409140
442930
487240
534970
555560
596340
634040
647900
672450
680910
676920
675930
658790
636530
618840
577420
546640
503720
462630
414180
370910
314980
262510
207780
148430
105380
57220
13230
-20480
-61880
-91790
-127670
-153280
-170510
-194880
-197430
-210420
-203780
-207020
-194950
-174900
-172630
-141170
-136630
-118840
-88700
-73410
-57490
-17110
-1620
5770
47940
58360
57360
92640
87370
85780
104730
87040
80080
87490
83860
55970
68270
56750
40410
42290
25470
19990
23020
17010
17050
27810
25160
27140
48600
31690
43600
76810
48320
75240
99310
82790
102370
122550
99080
103350
118390
87360
79530
84810
46250
28600
24050
-30370
-58990
-98860
-139370
-185200
-215700
-261910
-290400
-322400
-372870
-387890
-429850
-474050
-489650
-522070
-553880
-546450
-563270
-561970
-531770
-518620
-506810
-453160
-424090
-393870
-322900
-282370
-216640
-154110
-90670
-30860
31500
83610
131720
179770
217180
261440
297580
318720
352660
366800
357430
370290
347530
322050
298720
252680
208810
165860
106180
42570
-6250
-74920
-142700
-198270
-262420
-317690
-368380
-413950
-447990
-480090
-498590
-502750
-497640
-495880
-475000
-436590
-421090
-365650
-321260
-273430
-215880
-150460
-95580
-18190
58080
104150
178240
264490
274840
357290
407530
426230
488210
504710
532700
550520
562030
544100
563540
541450
507000
508110
466270
426700
421820
357810
329960
310010
246280
214590
198980
150650
92490
124010
48480
33340
44990
-15670
-11430
740
-42410
-42130
-34000
-57430
-45230
-35540
-53200
-39350
-37940
-67300
-25140
-71540
-80930
-77650
-111870
-122830
-135030
-168230
-205700
-208460
-268760
-298160
-310540
-371560
-410480
-409240
-465830
-476480
-516590
-550270
-575950
-608810
-643430
-654290
-671610
-696480
-669930
-679100
-673420
-650290
-659920
-637150
-608450
-604560
-571910
-520850
-500740
-469750
-409570
-390900
-366170
-311960
-305260
-256520
-224550
-204760
-161030
-129920
-109800
-87890
-60730
-57990
-45620
-31850
-36420
-19860
-26400
-12540
-7540
-13110
-11860
-12710
-1480
-1000
3600
23170
27130
52470
63080
89870
122170
144970
184040
226210
257170
303840
343740
398390
432980
490660
527120
571720
615720
639030
692390
707390
735100
764180
755660
781300
774930
772250
761180
752450
727930
699640
682850
640470
590570
577090
511190
478980
417700
392250
332520
297570
276100
224490
210670
170400
137940
133180
86420
96380
67580
62190
59640
58840
48540
50600
58140
46490
48780
44330
30090
43710
23170
11310
2510
-21060
-38660
-84320
-119200
-149050
-205220
-241670
-299090
-341450
-415040
-468620
-536580
-604330
-660910
-718280
-775700
-825800
-881350
-926780
-953920
-1001980
-1041580
-1061160
-1078650
-1102600
-1085860
-1087210
-1059330
-1014900
-989230
-931450
-862200
-809210
-735540
-640440
-567230
-474680
-379040
-289850
-195950
-105410
-24530
72780
157070
226070
312670
377320
442210
495110
535540
574030
605830
615620
622000
629570
611320
589410
571350
539620
505810
467030
424140
388850
343490
298060
262220
230010
190850
170550
155360
143300
147010
149160
166780
199180
216630
247780
292550
327020
363510
418400
473760
505530
577520
608820
665190
708790
738320
769830
808050
821840
817520
848260
835720
816820
812190
765840
741450
717630
626460
606650
548410
471470
414340
368410
300310
231840
196700
102540
74870
11140
-49830
-71800
-110630
-174920
-197790
-210010
-263750
-284480
-310260
-349890
-364180
-399900
-434050
-427860
-487340
-517120
-524940
-560280
-607410
-630380
-681290
-722850
-758150
-826640
-845780
-886360
-942050
-966470
-973320
-1003170
-1035890
-1034480
-1053860
-1049000
-1063270
-1058970
-1033870
-1027580
-995090
-947000
-892800
-835770
-770700
-695030
-615040
-529190
-452290
-355390
-261830
-184380
-81430
4720
79870
156550
226440
293730
338380
391510
430010
473730
511880
526370
547000
556720
546820
532280
509560
472170
438090
390400
355910
321760
286020
252800
215830
186630
150910
121600
92750
74600
69210
66510
76690
95950
121430
143190
180590
229370
264440
320910
369590
426210
488420
545080
595340
657040
699470
731600
770590
796070
809900
817970
825810
819150
808170
791050
761200
717690
683110
620950
576810
508790
433280
380400
296920
218290
129000
77720
-12660
-85300
-154710
-220220
-276130
-350180
-386310
-419890
-468440
-490480
-521570
-538700
-566730
-585150
-568100
-611130
-607080
-630760
-616530
-623430
-667830
-655190
-664030
-669200
-716470
-707700
-710020
-732450
-728900
-722760
-705990
-720770
-732320
-707310
-727880
-727140
-737090
-732150
-724630
-740500
-687830
-652090
-605560
-580820
-517570
-431870
-383840
-313560
-233650
-143870
-85910
-9250
69250
134470
194620
246100
309930
360300
388120
432480
470050
498840
517900
536510
557550
546430
533200
517480
491190
453020
414270
373050
336890
289690
242000
214790
178290
145530
112340
84510
71250
57760
51970
58270
73510
98110
123300
158510
195690
229620
271730
311940
355600
407780
447970
490360
531930
557570
583780
608850
619580
618860
621450
610410
585960
562020
520990
478350
426040
363510
303850
247300
177250
112410
43800
-19030
-87270
-148610
-214380
-266470
-323280
-369580
-401650
-441970
-464040
-479910
-498510
-509540
-515600
-522220
-526370
-521200
-517950
-519990
-520940
-524580
-537480
-550980
-572940
-593200
-631610
-653020
-667170
-671420
-676070
-687700
-697890
-705800
-713360
-731460
-749820
-761220
-790430
-807240
-786350
-766450
-737060
-693140
-631260
-562840
-496600
-410530
-311310
-221030
-133300
-34990
55940
139880
210670
280710
361590
419100
471610
531350
578510
610450
639590
669570
682600
675260
659630
639800
605350
564330
525850
482350
431080
373580
322270
277730
236360
199710
167550
143710
122060
106990
115770
123720
136170
155970
187300
222000
257870
305710
350100
392840
430900
466780
502670
526460
548270
559880
566630
568210
557310
543470
516590
472950
420410
364300
303700
233340
161230
85820
10960
-59990
-126690
-188420
-249660
-308070
-364980
-414500
-448950
-478040
-498850
-512480
-514930
-520640
-522280
-508940
-499090
-493660
-480650
-471690
-465380
-467030
-474220
-487110
-512090
-540040
-574810
-599120
-604770
-611770
-617600
-622810
-636280
-650980
-667260
-695650
-737870
-784690
-814570
-832600
-835740
-809950
-771630
-719740
-644330
-563220
-466910
-358960
-251040
-143870
-35650
73190
171430
259130
343550
418110
491350
560260
614860
660360
700070
731280
749010
757850
757240
734420
698420
656970
599150
537650
476190
407900
337840
271910
212260
163910
127170
94930
64830
42840
37760
40950
65680
102770
142970
194160
257180
331230
406620
478280
547910
604980
658920
710220
750260
786100
807280
814420
816030
808370
787710
752520
704300
641660
566810
487600
405470
312500
215780
116810
25080
-59760
-138390
-214530
-286760
-353150
-411290
-456390
-489620
-515920
-538610
-552740
-562140
-564470
-557940
-549180
-541310
-538960
-538870
-539060
-551890
-579500
-617640
-663620
-707080
-734210
-738730
-736070
-734510
-732920
-728860
-724970
-724300
-738640
-774200
-811130
-834730
-835330
-809950
-768840
-709150
-628260
-530250
-417480
-291660
-156940
-22010
104480
228130
349930
453220
539360
609410
668800
720570
765070
798550
813980
823200
825040
813040
789800
749230
692420
629420
550810
465190
385030
312690
239590
162240
92570
38910
5980
-9600
-21020
-34080
-33360
-9420
33140
89430
156930
228490
309280
402890
505750
606030
697820
775650
840050
900080
951210
988990
1009260
1010600
1001500
982090
955080
908150
842770
766450
678330
585280
489180
391830
292180
189060
92060
6490
-68550
-139130
-202610
-261480
-314620
-360050
-392960
-416990
-440980
-467140
-489750
-512760
-530110
-548530
-577350
-606020
-641000
-683730
-733470
-798010
-865580
-920970
-943470
-951610
-967660
-982690
-993830
-999180
-1003050
-1013380
-1038960
-1071310
-1090820
-1090190
-1058060
-998550
-908750
-795610
-664750
-509190
-350700
-181280
-6710
151270
300920
440870
563940
657810
738580
811620
875550
933240
977990
1012330
1030360
1043010
1041310
1018410
983770
923120
851580
768890
676850
589780
512680
445430
378600
318120
274720
246280
227080
209540
196940
191220
206440
237810
276430
324920
372480
431360
495030
555530
609270
651450
691390
717650
744180
769450
781940
781830
768230
744200
712160
678310
634400
578850
516400
443730
374690
305360
241040
181980
120780
73670
36760
15390
9850
4160
-4630
-15160
-23570
-41000
-62770
-91030
-133840
-176240
-221290
-266790
-322140
-384880
-457470
-545110
-641570
-760700
-890030
-1012680
-1105690
-1151530
-1170620
-1183470
-1201070
-1210580
-1203980
-1197860
-1214320
-1259990
-1308300
-1339170
-1331230
-1278830
-1198980
-1085020
-941440
-763690
-570730
-375230
-176320
7450
181210
328350
446370
534830
586340
622190
652460
680990
709070
735940
757550
773420
788720
790930
778840
745230
689310
626240
557690
490420
428480
386940
361850
339740
327390
323900
341310
373260
401360
420220
431130
458410
506550
561830
611270
652360
698580
753420
806380
840100
852980
847980
832470
812620
787660
754880
711480
663850
611560
559910
514330
465900
407880
338850
264670
198310
138930
91010
46550
7250
-15470
-18720
-4870
14880
33580
47250
54410
51480
44980
31430
3750
-36280
-82090
-128140
-175770
-227160
-294050
-382350
-481970
-595570
-734370
-894960
-1068050
-1220710
-1310650
-1345780
-1370530
-1389170
-1380650
-1354460
-1324620
-1301780
-1316910
-1366080
-1402440
-1405190
-1380440
-1325710
-1230090
-1100820
-940460
-752170
-562280
-374160
-177080
6630
154400
273820
364980
405920
419210
429540
421960
414510
426100
442370
446730
460010
475450
471090
450750
411640
346650
277260
222850
167770
126800
112890
106350
99920
105190
128510
158290
192700
228630
250300
283280
348060
414460
474780
537520
607210
682320
756490
812090
837100
845080
855430
854190
833220
806650
774020
743780
721990
695540
671240
651220
629020
588440
525700
458580
393720
337650
285460
231890
185320
161790
161550
178000
198780
210910
223440
227910
219530
199190
169100
131640
90650
44190
-5170
-54490
-110940
-179640
-261250
-357470
-468160
-600970
-758340
-931100
-1095030
-1210710
-1267340
-1286150
-1296650
-1297980
-1270230
-1223730
-1179110
-1165110
-1195130
-1245080
-1282890
-1293670
-1278010
-1235360
-1164970
-1054070
-897750
-721780
-541980
-362190
-187950
-31580
97760
195410
249770
267910
265420
257130
250340
248460
254270
260490
261840
266920
273140
270940
253390
211740
151970
91980
46150
10280
-13930
-27660
-40340
-47190
-40860
-21850
4880
31160
46110
56090
83360
134770
193980
249260
300100
359930
432550
511740
573440
605930
628120
647160
663890
668500
656100
634920
616490
607300
607130
611500
610770
604080
579280
539840
496650
453880
413210
367160
311110
262960
242200
249620
263690
270600
269460
264880
265100
256020
229960
186240
132610
80000
31220
-24940
-96020
-170750
-260230
-363080
-475270
-602250
-752650
-923840
-1086950
-1209260
-1270530
-1283090
-1289950
-1298860
-1284210
-1238130
-1171870
-1126490
-1130110
-1162100
-1178970
-1161560
-1123430
-1079930
-1022260
-930520
-793600
-620040
-434970
-256130
-76910
100200
252130
366850
441450
476140
478980
468120
456020
445080
447050
443690
421920
405710
392060
375250
349650
298200
226420
154840
101530
59870
23180
-4260
-23180
-31900
-25770
-6310
21470
51900
71450
78470
94750
131950
184970
235950
279780
335300
407990
500560
582290
626510
652120
669030
680230
682960
658890
606680
556010
524230
504310
489920
476910
455450
424450
389150
349590
310200
264210
201780
128720
70890
39460
36170
43990
46210
47680
52990
72880
93670
88090
63230
34850
5120
-21170
-53780
-103750
-160330
-219910
-293500
-379400
-480320
-606980
-751470
-903450
-1055720
-1184700
-1256940
-1288410
-1304560
-1308570
-1298510
-1258350
-1198780
-1153380
-1150750
-1180980
-1201770
-1190890
-1156760
-1117760
-1071650
-997000
-864260
-679580
-488480
-306080
-123210
56190
225500
364670
453080
489780
501710
503990
499550
501840
508900
517200
528590
541020
559060
575700
581440
558900
505740
443860
386670
337290
290700
247830
214250
195370
203870
228090
260970
297190
317740
322260
326690
345920
380000
416200
450120
491090
563600
664920
766870
840140
884690
922680
958420
982580
971990
923130
866900
832020
819240
805390
782010
755880
731100
711180
684130
640660
582130
505340
415090
323770
244440
184230
139780
97760
56990
23630
5010
-3360
-22110
-66810
-127360
-186100
-243580
-308890
-388530
-480480
-571980
-654280
-729660
-811580
-909690
-1025280
-1146480
-1244710
-1307420
-1340630
-1361400
-1382200
-1391690
-1370230
-1319420
-1263390
-1237120
-1243060
-1250040
-1231830
-1188030
-1141660
-1100940
-1046340
-946230
-797670
-627670
-461620
-295040
-121660
51200
211480
325850
386030
410690
411620
402890
391990
377790
371340
373510
389910
421370
459760
498870
515380
499410
461420
412470
364940
314030
260150
212500
175890
169060
199930
252540
316280
372810
416300
463010
515470
568080
610010
638630
671410
725800
804540
897400
979580
1047720
1119710
1191700
1252060
1279590
1265110
1223440
1177600
1144040
1112270
1069840
1021930
976510
944190
922340
894570
849020
784000
706640
626380
548450
474210
399830
325270
259340
207660
167300
135330
103420
62900
17560
-30600
-87630
-162600
-263410
-381410
-507960
-637600
-764150
-893890
-1022810
-1152180
-1283650
-1391620
-1468020
-1521750
-1566510
-1615950
-1663050
-1687200
-1681090
-1670840
-1678600
-1700890
-1712950
-1691140
-1637820
-1579510
-1527370
-1455920
-1343140
-1190790
-1024720
-869320
-714640
-549920
-374940
-208390
-80040
6230
68240
113990
151930
178600
191240
198500
212320
238610
273690
313670
349340
365670
365840
350850
323110
290380
246550
195250
146820
107060
89680
100710
138000
187280
238120
287100
343880
408760
469490
514070
542570
575030
626710
695510
763970
823930
886190
961730
1048890
1124350
1166750
1179270
1175530
1171900
1170390
1149650
1110540
1070540
1039100
1022080
1016170
1004880
984440
960550
931570
900040
863420
813180
750120
683970
618990
561760
510480
459130
412500
366750
321440
276940
221740
141290
34980
-85940
-220850
-365670
-515860
-676030
-837980
-990780
-1126750
-1230270
-1303400
-1360290
-1414960
-1466400
-1502560
-1521810
-1537450
-1562100
-1600770
-1637390
-1643400
-1613770
-1567300
-1516830
-1452100
-1352890
-1219530
-1067880
-921870
-791750
-658350
-516060
-379530
-264160
-186850
-140640
-104870
-66690
-29260
-9960
-2310
5250
16270
45230
77710
96330
101380
95300
83980
71660
53280
24510
-9050
-37170
-56860
-66390
-55590
-26500
15430
67730
121130
178840
249680
320910
383100
430980
474690
530410
595350
658460
707430
752610
817400
898170
968790
1015500
1036660
1041300
1045320
1048600
1031130
990030
946060
906400
881010
867880
849390
829240
817050
807550
799730
791250
778150
756940
730360
701010
665750
626310
581620
540160
506560
474650
446830
414820
365860
300990
220250
121920
8380
-124310
-271730
-424830
-583160
-731660
-850440
-944970
-1026040
-1106270
-1186250
-1247540
-1281740
-1306100
-1342000
-1392870
-1440280
-1464310
-1454910
-1434050
-1417270
-1385640
-1314090
-1201840
-1072670
-946260
-826210
-694470
-544470
-395820
-276710
-199390
-146440
-101230
-53380
-11840
6680
9310
12780
23440
48090
71600
82350
79020
67450
55150
39920
13490
-28710
-79080
-126580
-166020
-201680
-231580
-248960
-246090
-219820
-175530
-115470
-39880
47150
135530
216970
294770
374530
454490
528600
585770
637380
702320
784310
866680
926970
966890
1001650
1044850
1086640
1099310
1081130
1052860
1028910
1007140
970340
913260
848930
795190
758480
726400
687980
649250
619830
602700
589370
561680
518620
470950
425070
383380
337730
290520
239930
183740
129060
63970
-12290
-98200
-202680
-315430
-437600
-566210
-676650
-766310
-851200
-939210
-1024650
-1099200
-1152330
-1185980
-1221670
-1269080
-1311070
-1331800
-1329500
-1312890
-1301600
-1286700
-1235670
-1145970
-1032580
-921020
-811660
-682930
-532610
-373590
-236140
-149860
-97550
-49060
570
38740
48980
32690
9610
3010
14370
21660
16740
3420
-9080
-10840
-14750
-42200
-89070
-141490
-189100
-234030
-281790
-331350
-369210
-381490
-366550
-331170
-274820
-195150
-96890
15350
127420
236280
347680
459710
557140
630060
689850
751830
821240
889600
939470
967760
995030
1034080
1076160
1097680
1090470
1067650
1045620
1030330
1001640
943510
867380
793710
734770
688090
638320
580860
529800
503300
503220
507770
501700
483150
463100
451360
439960
414960
375580
322760
267410
213300
147600
68230
-23210
-123840
-229040
-337920
-441420
-530170
-611990
-698870
-791720
-882360
-958760
-1022990
-1087580
-1166370
-1239960
-1284940
-1297850
-1286990
-1273380
-1258910
-1211880
-1116120
-995710
-870680
-749050
-619490
-463710
-293350
-138750
-25470
49710
113660
180610
238920
272320
277290
269410
267160
279110
288540
279990
258150
228810
204270
182640
143770
84100
17410
-49120
-110440
-170840
-235550
-291580
-326060
-333520
-316370
-279630
-222530
-143720
-47390
61030
171940
285300
401460
508480
601800
681890
759710
840540
917800
980530
1023790
1059260
1100880
1141050
1160520
1156150
1136000
1116030
1095870
1057520
992100
909070
828050
757770
687050
606120
517810
439050
384590
346940
314470
279780
249640
231890
221530
204980
177240
140590
97820
53190
1260
-61310
-136150
-219220
-306060
-396040
-476740
-542270
-598370
-656010
-719190
-779820
-829470
-869710
-912910
-975520
-1046390
-1102360
-1136700
-1150370
-1151230
-1142920
-1109570
-1032290
-922700
-803510
-682540
-550150
-394910
-223950
-58060
73420
166020
239620
307870
369260
407980
413010
398190
384240
383350
387980
379360
355980
324660
296650
274950
242460
186850
118320
51510
-10850
-74660
-147370
-220740
-278610
-312790
-322600
-310610
-271690
-204100
-111510
-320
118980
245370
378490
504950
611460
696530
772850
849590
920600
974440
1007830
1035270
1071560
1113820
1142270
1146650
1136290
1122600
1108610
1079590
1020370
936870
845840
758950
673500
581490
483040
388860
309230
245730
190830
138250
90020
51110
24620
3410
-20040
-46760
-84410
-129460
-180620
-245100
-317160
-396860
-488790
-583800
-668700
-733450
-782200
-827320
-873920
-919100
-951100
-968060
-986780
-1021000
-1068110
-1115090
-1149430
-1171320
-1187460
-1195220
-1178550
-1116590
-1016410
-895330
-756500
-602560
-428600
-237130
-55480
95810
212080
301690
374810
428080
454990
453710
435710
416580
401990
389370
374640
357830
339610
320560
295760
256690
200040
134120
64420
-12310
-94340
-177910
-255420
-315700
-361630
-394990
-404920
-384240
-329130
-247730
-150320
-38540
92230
240020
388220
520780
632170
732770
828920
911330
968640
1002720
1029100
1062650
1103000
1132470
1146460
1158070
1176950
1197530
1201400
1172860
1117850
1050750
978620
895110
792550
677420
566360
474160
398030
326810
256770
193820
147820
115210
83300
44640
-2590
-53880
-106890
-168580
-246550
-341210
-443240
-543490
-633620
-708790
-777170
-841920
-896600
-942160
-976570
-999330
-1025730
-1063290
-1100170
-1130340
-1151320
-1166350
-1180400
-1191500
-1185680
-1152830
-1099360
-1026150
-930160
-807650
-657550
-487050
-309820
-141590
8660
140090
251160
339410
402580
437410
443430
430210
412260
393180
373340
348530
317120
286450
263440
239950
207760
162620
103540
37710
-33590
-113190
-197410
-280380
-353250
-407590
-439400
-444940
-426750
-383380
-316120
-227800
-117300
8630
138700
264960
386700
506320
620250
721150
800760
857000
904130
946170
980120
1003960
1018700
1030710
1049840
1072300
1085660
1087050
1075220
1052750
1019740
970320
899790
813390
717930
620930
526880
434180
343750
263370
195380
138870
95930
58370
21250
-19170
-68050
-125300
-188960
-264830
-356880
-455470
-546330
-625430
-699800
-769350
-832470
-883200
-910920
-923730
-943320
-972600
-1000250
-1020170
-1031230
-1037120
-1047890
-1055380
-1040650
-1002630
-946970
-874070
-782190
-673790
-546450
-406540
-267330
-134100
-8540
105640
204080
288180
355360
394910
407420
403400
388110
368020
339300
291760
227990
165040
107330
47750
-13540
-83810
-158130
-227860
-297850
-373080
-446580
-514620
-578820
-632190
-669690
-686920
-676240
-638300
-578620
-495880
-386040
-252890
-109190
33220
170420
308250
447310
574430
676790
752920
815080
872620
923750
962370
985310
1000180
1017910
1036540
1048080
1050410
1041240
1020630
989700
947030
894210
830800
754280
664790
571730
480570
389300
299620
209000
124410
53470
-3650
-56470
-113350
-171390
-227440
-280920
-340280
-406090
-468580
-526740
-587670
-651900
-715600
-772380
-813990
-847470
-882240
-912950
-928160
-927080
-917510
-909160
-899910
-878890
-839000
-791750
-746410
-692330
-617480
-518880
-407960
-294740
-183760
-74760
34790
140640
231360
309150
376830
423190
449610
462080
465030
461280
446430
411410
360420
308270
254320
187060
104380
7760
-93040
-188650
-287650
-392860
-495810
-588800
-668600
-730330
-776130
-807430
-818480
-809120
-778320
-724370
-647340
-554140
-452880
-342720
-220050
-84550
55380
183890
296580
402250
506610
601440
676580
731790
775060
815160
853830
882610
895410
900710
902310
899380
889780
867620
832580
789080
736170
674070
609760
543890
471270
392640
313670
240670
176560
116110
50870
-20690
-88830
-149580
-210340
-280720
-353330
-414620
-466710
-514770
-566590
-625130
-676090
-708200
-735970
-771590
-810680
-845310
-867970
-874810
-874260
-868320
-846680
-805290
-749560
-683990
-603070
-504730
-397740
-287210
-174020
-63830
42050
146560
242390
325730
404040
474030
520970
552120
573500
584510
588190
576330
538620
486510
432470
369860
294360
208170
112010
8610
-95280
-204860
-318380
-428180
-534120
-637000
-730500
-803600
-854640
-881620
-889790
-878810
-841860
-773350
-683580
-585810
-477250
-356020
-226710
-95550
27880
141340
252830
363130
462680
544260
614780
677420
734630
784410
819770
844250
861380
866470
855530
836350
813560
787080
752150
705770
651750
601070
557220
508040
449220
388650
332490
284510
237710
182040
121740
66960
19380
-31540
-91850
-152440
-206330
-254710
-301460
-352260
-409020
-460980
-506410
-553180
-604640
-656880
-705210
-748890
-781430
-801950
-810930
-802800
-780030
-743380
-685530
-605040
-507370
-403690
-294700
-175460
-53400
64400
172990
272020
364950
457460
538840
599130
647730
695650
741200
775290
789520
780210
755740
721980
668110
589510
496360
390510
272890
145970
12300
-121190
-248540
-370420
-494440
-612800
-711490
-789100
-853040
-906820
-946060
-962060
-948500
-915010
-872620
-814100
-732230
-630150
-514690
-396680
-281250
-164470
-43970
71500
177610
274990
361880
441500
513880
579350
637950
685570
717490
736780
751110
761420
762320
745180
712930
676350
643050
609870
567980
517810
469970
430950
398220
364550
325140
283530
243200
206600
164650
115270
63930
13030
-35570
-83160
-129010
-174180
-220620
-266510
-310850
-353220
-395520
-444270
-499560
-555810
-603680
-639810
-668110
-691500
-706700
-704420
-678450
-628210
-567650
-500750
-420590
-328140
-228200
-127570
-28920
65000
158780
255950
346600
427620
503940
574470
641640
706460
764260
808270
838310
854540
855280
844520
821440
777120
711970
633230
546500
453340
354910
247230
132010
18790
-88130
-189720
-288640
-382210
-466940
-541730
-602220
-649600
-687330
-714930
-732260
-737230
-727130
-704880
-675870
-641640
-599600
-549490
-489280
-424670
-360620
-296550
-228840
-155200
-79030
-5720
60220
123660
188040
251480
311110
364460
410770
452780
492740
527390
554420
573110
585600
593880
598210
596580
588560
570810
547580
520070
484470
441340
386550
319710
245150
170180
91010
3870
-88500
-188810
-291460
-388940
-481140
-570490
-656290
-738470
-814460
-878830
-929730
-970670
-1003590
-1026780
-1033740
-1022330
-992470
-946300
-888440
-815180
-723720
-617200
-505840
-391420
-272090
-150320
-20830
109830
229630
339240
443280
544320
640880
729530
803920
861950
909280
948680
976470
990610
987270
964790
928700
882050
824760
754720
672630
581490
484520
385480
286380
185020
82740
-14860
-106590
-190190
-268330
-344090
-413680
-472580
-519240
-556500
-588800
-616510
-637990
-649090
-649120
-641920
-628150
-608270
-580650
-544210
-498560
-444410
-386540
-323710
-257170
-186290
-111070
-34360
37170
105240
172690
240640
308040
367990
418700
465320
511670
556140
593780
620510
635220
642640
645450
638820
618060
584380
538730
483350
418120
342750
257620
165070
68890
-31670
-133550
-235130
-337880
-440900
-538530
-628210
-710660
-785750
-856330
-920750
-972580
-1007440
-1029830
-1044030
-1049590
-1040780
-1013970
-968810
-907550
-836580
-753260
-656310
-548290
-434620
-315990
-197880
-80420
35460
146210
249780
346190
433820
512370
585330
650970
708180
755480
792140
819370
839540
849150
843630
820990
783210
734910
677280
608820
530060
445500
358830
275130
192760
110950
32020
-42020
-111800
-177220
-238980
-297960
-350330
-396920
-439870
-478440
-509030
-531810
-544660
-547980
-542400
-528300
-504500
-472510
-434210
-391790
-345780
-294860
-240800
-181700
-119130
-55390
8910
74030
140950
209370
276990
340400
398150
451900
503650
550400
593030
627600
655030
677270
694430
702030
698900
687610
668110
636550
592020
536000
469440
394430
311440
222460
129400
36790
-52110
-140630
-229440
-317450
-401170
-476130
-546180
-618700
-691380
-759700
-818830
-868940
-911390
-946870
-973980
-986380
-979480
-957240
-924150
-880010
-822620
-752470
-674790
-593950
-514710
-439340
-364170
-289870
-217630
-149400
-88910
-33110
24430
85660
147380
205690
259460
309810
356990
400580
435720
456430
464280
461420
448980
427520
397900
361960
324570
288720
254000
220450
187970
155710
123400
89470
55340
19200
-20280
-61290
-104400
-147930
-188170
-221010
-248080
-270760
-287690
-297430
-298580
-292100
-282670
-271230
-257140
-239810
-218340
-192230
-163290
-129330
-87820
-39360
15310
72500
131140
190700
250530
308680
363340
413590
456750
494780
528010
558140
585310
608990
626100
637130
641820
640660
632400
616250
589800
554310
511140
460850
405980
346310
284830
221120
155920
89210
23800
-40300
-102870
-165350
-229960
-293580
-353210
-410220
-465790
-519660
-570770
-615270
-652390
-684630
-712640
-734860
-748130
-752870
-749770
-744800
-737960
-729200
-716090
-699720
-682000
-665320
-648650
-629990
-606290
-578020
-544100
-506260
-464730
-419430
-369810
-315920
-261500
-208590
-158450
-112130
-68570
-29740
5350
35490
64750
94230
123320
151330
176670
199370
219570
236570
249040
258150
261770
258310
248820
235770
222200
210820
199420
186850
174620
164180
157920
153910
148030
137780
126180
116570
109480
104330
101480
102250
109370
124820
146850
172810
197960
224120
251450
280560
307940
329600
344940
357470
371410
386560
401200
411680
418700
427100
437170
446410
453270
457410
457990
455510
448920
435200
416480
396380
372280
345360
317240
287650
256070
225510
195690
167000
137970
106920
74790
41570
8770
-24310
-58850
-93390
-129170
-167330
-206340
-246790
-289630
-330800
-368170
-404640
-444550
-484860
-524840
-562980
-597570
-633240
-669720
-707210
-743870
-776170
-801540
-819740
-830950
-837080
-834320
-823590
-807930
-785540
-759350
-731830
-702710
-668310
-630040
-589830
-548510
-503640
-453800
-397050
-334080
-271190
-207800
-144910
-80540
-16680
44380
97750
142280
181860
221420
257900
293060
327710
359360
391590
424180
458850
488740
514490
540070
557150
572190
586370
599450
606380
607770
611370
617730
627620
633610
634340
633710
631560
631910
627070
617030
599780
579080
561710
544860
526340
502280
480350
459900
436940
419030
401270
381870
357790
331310
306580
281010
256850
231060
206960
184580
167100
155770
142530
131310
119400
109860
105300
98010
84990
70660
58210
45260
32980
19350
2510
-14940
-34110
-54700
-73530
-93490
-117350
-148930
-185610
-223330
-262620
-305130
-351970
-400510
-451100
-498740
-543080
-587340
-630640
-670760
-708850
-743530
-774510
-807180
-837750
-862570
-885850
-903350
-915420
-923860
-924970
-916090
-898350
-873780
-842610
-804560
-759790
-711390
-658590
-600630
-540520
-479630
-420010
-358910
-295750
-228080
-158410
-85690
-9960
65640
142080
219800
293610
359740
422890
481620
532300
577220
616060
652400
685040
713490
738150
757050
770540
779000
783310
783200
779580
770260
755090
739700
716430
694880
674710
653480
629720
607630
590860
575330
559240
538300
516810
497340
474860
451240
426240
401600
381060
367380
357360
347400
338970
334880
333480
331840
327260
319990
307690
290120
269690
250180
230060
202860
172550
145080
120460
98520
72520
44010
18750
-8480
-34470
-64400
-99890
-136820
-172060
-200850
-235500
-265780
-302140
-336290
-367210
-397590
-424320
-453740
-482230
-515620
-538170
-565540
-600180
-633300
-669380
-702770
-734200
-764680
-789210
-815160
-837800
-856350
-869520
-881740
-898140
-914780
-935620
-945090
-952410
-950280
-941840
-928010
-900350
-861750
-810320
-753810
-683790
-600060
-509760
-418100
-322100
-220770
-116890
-15760
85040
184600
284700
383530
481880
574340
662810
746210
820690
887050
936530
971850
996680
1008340
1002900
987600
961650
927310
884040
830390
772780
710740
644440
569290
489950
410920
335610
264130
195570
130560
73850
29250
-2430
-22520
-33210
-30670
-18200
1480
28920
63670
101810
142330
182380
219400
261190
303230
340690
372390
400250
421250
438720
449570
448080
436230
419010
396420
370060
336580
294370
243720
187230
125260
59910
-10070
-81200
-154950
-230240
-298840
-360780
-418960
-473290
-514160
-549270
-576460
-600570
-612440
-617790
-625970
-629420
-629500
-625400
-623850
-625470
-621540
-615640
-612700
-613620
-611960
-612850
-623640
-633580
-648810
-661360
-669540
-672960
-676450
-691270
-703420
-712400
-709350
-717800
-738720
-754030
-763450
-764220
-755710
-734590
-699380
-655140
-596570
-523910
-436310
-344420
-244220
-137770
-37220
69580
174320
282880
388110
488420
589240
688930
785800
871850
949670
1016510
1071500
1111930
1136350
1143000
1129010
1098650
1053710
995670
927840
849350
760300
659770
554920
450430
348060
246860
139250
29840
-69820
-152910
-224180
-285450
-339680
-379740
-396070
-396790
-384860
-363200
-331120
-289060
-234670
-170980
-100030
-22880
56650
140370
226030
312280
396180
469460
525610
564800
595120
614150
615590
597890
563330
520360
465680
401610
330460
249950
157370
54770
-47360
-149850
-250820
-353520
-454390
-547700
-632800
-704330
-762300
-807980
-844850
-865410
-870040
-863600
-843040
-813600
-781090
-746090
-700920
-653450
-609620
-567730
-528790
-492760
-461230
-438790
-424340
-406840
-386530
-375540
-375450
-387190
-405840
-426570
-452860
-493940
-550270
-601110
-639260
-664210
-674610
-668660
-647460
-608730
-545530
-464330
-370410
-269970
-162900
-46480
77150
204240
330550
455740
578620
699760
821360
937870
1041260
1128690
1204710
1267320
1307990
1323220
1311310
1272930
1214470
1139690
1043010
927170
797440
656910
508830
354470
197200
44640
-98920
-239800
-375010
-492890
-585060
-648320
-687610
-707710
-706700
-677180
-620790
-547450
-460100
-361390
-253750
-136660
-11930
117990
248700
375990
494710
604780
707080
796920
869350
918160
941110
943150
928010
893010
832660
747370
644080
530930
410980
287650
162840
36020
-90020
-207640
-314440
-408160
-490390
-561750
-620720
-665590
-693720
-702760
-696840
-680970
-653470
-613830
-566710
-512410
-454780
-402960
-359210
-318650
-283200
-258030
-246390
-252950
-277370
-315240
-355460
-385690
-412610
-455370
-515800
-575060
-620620
-654230
-687510
-735520
-793920
-841680
-859400
-845750
-814260
-776470
-726610
-646980
-539290
-408080
-255280
-93410
67040
231220
408080
583840
740630
872450
986820
1091250
1183060
1257330
1308600
1333320
1336730
1324580
1292900
1229900
1134110
1011150
871490
719870
558720
396750
233970
65240
-105190
-261130
-395000
-509950
-610070
-697800
-767150
-807500
-807260
-771930
-717520
-650430
-565080
-451350
-308480
-153050
500
151370
300990
449680
601140
740400
852970
940830
1005220
1052750
1090780
1109740
1098130
1057750
990660
908870
823310
723210
601690
465410
322550
185770
66470
-41860
-144950
-241470
-332280
-408400
-461400
-497950
-520500
-532260
-536470
-518710
-474020
-414650
-347950
-276580
-206630
-133960
-60310
3250
53630
83570
96070
93350
77050
42320
-16180
-93050
-184170
-280870
-383540
-480420
-560940
-633410
-699670
-759640
-817250
-876950
-932770
-995030
-1063380
-1117300
-1157800
-1171010
-1144490
-1086440
-999580
-882540
-738130
-578500
-405720
-229060
-52780
120840
286860
446770
588430
703470
794200
872370
937880
985420
1016590
1025310
1022140
1008390
977380
933920
868510
773410
660990
543410
419590
296780
176410
56930
-53160
-151220
-226560
-277000
-309620
-328620
-333120
-316680
-281790
-226240
-151990
-65240
27260
128140
243290
363030
480880
589060
688640
777200
852640
915070
959310
989010
1000000
993190
976340
943970
892190
827660
749730
656990
559100
457540
352540
247520
142360
45620
-38830
-114500
-175330
-220570
-252910
-272410
-276450
-264280
-236940
-197250
-148350
-86940
-15320
58100
132440
206260
273060
332340
383290
419300
437310
436890
419840
387460
342750
285500
212840
116920
10080
-104200
-236270
-374710
-526310
-689840
-852780
-1010950
-1156350
-1268230
-1350000
-1406680
-1433950
-1449690
-1446480
-1423070
-1395860
-1363940
-1325310
-1279720
-1208040
-1104580
-972640
-807810
-616970
-418330
-210410
7760
216400
413510
592510
747390
879620
987470
1060690
1104910
1119570
1099620
1065680
1010160
932510
848390
755390
653680
550190
438810
321590
200170
66360
-63310
-183330
-297000
-395480
-480420
-547730
-589010
-604670
-594450
-555770
-497140
-421720
-324600
-204120
-62960
93630
258990
426250
597830
769640
933410
1086310
1217730
1322170
1404550
1462590
1498000
1513100
1498630
1460060
1403740
1329520
1244040
1146560
1028610
895090
750180
597500
444680
287590
128160
-24230
-167810
-295900
-397310
-473380
-530880
-569860
-584610
-573710
-538130
-484200
-422730
-350450
-270440
-185050
-91800
6010
94700
176940
254740
321400
377000
413100
429300
426630
403610
360170
300490
221370
121220
7780
-119010
-259870
-409630
-572080
-739430
-906240
-1073270
-1221840
-1339520
-1438270
-1517290
-1566820
-1596430
-1603450
-1587220
-1561980
-1528310
-1479650
-1420820
-1342920
-1234010
-1108740
-965890
-807140
-640760
-468320
-288210
-115270
48240
203710
343970
477380
595090
688120
763290
815260
844380
855640
847540
818020
776090
721250
654920
587960
512680
431310
346000
254660
167020
86600
8210
-67350
-133390
-190410
-239670
-274960
-296500
-309170
-312390
-304970
-280580
-235620
-174300
-100940
-13270
89730
204690
326030
450840
573690
689440
800510
905620
999520
1081430
1154510
1211170
1252990
1280410
1292440
1293450
1279610
1249760
1204880
1147500
1074690
988280
892300
783440
664090
537200
406870
280080
155670
36900
-74790
-178250
-270310
-351850
-421280
-483070
-530570
-567180
-589290
-594680
-588750
-571250
-544360
-504140
-457270
-406730
-352100
-300110
-247900
-199700
-158600
-122170
-96640
-80220
-80790
-91010
-113810
-151180
-200120
-266620
-333770
-416250
-502100
-593590
-691030
-784080
-875640
-951120
-1026200
-1094190
-1153300
-1207380
-1250180
-1287120
-1307730
-1319640
-1315790
-1297860
-1264370
-1197720
-1121530
-1029950
-926100
-810190
-683150
-556400
-420880
-290200
-160940
-39730
74620
179930
267770
346610
413740
473660
520950
560250
594560
618290
636640
643570
647770
641340
616900
586590
553070
514920
471840
428620
383950
338590
299460
269970
251420
236270
227580
227730
237840
259110
286770
321480
360650
402020
446690
495680
545560
592860
636600
677520
716010
744760
768050
784600
791000
787280
781450
767950
745960
712810
672490
628810
572710
514260
449560
381020
308440
233330
163280
95050
30580
-23420
-77490
-122070
-165730
-191930
-217510
-241680
-256270
-261000
-258320
-262640
-246920
-228840
-200060
-182460
-159150
-130360
-109680
-95560
-84510
-77270
-79090
-87480
-89740
-105250
-142200
-175960
-213110
-251120
-310170
-367670
-425800
-488040
-559870
-626630
-680380
-753440
-823030
-894230
-946790
-998640
-1047970
-1087390
-1114930
-1141390
-1156570
-1151070
-1131590
-1116030
-1082720
-1027680
-969520
-905170
-832960
-748050
-659550
-569140
-482200
-384250
-283000
-185860
-82250
14930
112830
209970
295730
375710
445410
502840
553910
593520
621520
639620
649510
649570
644400
632470
613110
588850
555390
519910
483880
450300
414060
373070
332090
292350
258190
227640
197830
176690
160810
151010
153630
165680
186290
210690
232930
261710
297870
328190
356040
390430
420610
447000
470350
494910
516850
533430
541350
549580
552820
551880
544260
527890
510530
486350
457420
429500
398110
360790
317560
278790
242820
205250
174080
143410
103990
70430
49700
26400
6670
-6510
-26550
-26850
-32260
-35220
-33270
-30150
-27190
-30650
-32620
-45320
-50790
-62230
-82230
-95200
-109060
-132440
-155470
-178310
-201960
-231200
-256290
-285900
-306210
-343000
-383070
-389460
-411250
-433350
-456210
-470300
-476870
-484020
-498770
-504280
-480940
-483860
-482020
-458730
-450550
-434680
-410450
-398910
-380570
-363050
-339460
-318660
-302000
-287220
-265560
-242440
-246770
-243590
-238460
-237570
-238910
-256150
-259860
-254040
-257240
-265740
-261040
-254710
-251750
-238590
-231040
-222470
-197230
-183070
-160910
-132290
-102580
-68640
-39800
-1770
36730
80550
116390
160260
207630
248480
294960
330930
371450
409440
432200
451400
462280
469700
475060
474470
466270
456690
450490
434230
418550
393790
380020
356520
338140
317170
298630
281240
259720
260750
250540
258860
254510
263690
278330
295030
317310
336100
347260
362640
384990
396430
401760
413690
421660
424420
433340
424930
432520
421980
420360
402020
385320
368950
335980
313280
255750
241230
200370
166710
138870
90520
90710
58270
48190
19020
-4580
4010
-36330
-24640
-43250
-43940
-46830
-61290
-43880
-74880
-52830
-65320
-67410
-68980
-95650
-83850
-100370
-115430
-141890
-166550
-170030
-213630
-215850
-255600
-294400
-281020
-336080
-325430
-380940
-373990
-388400
-400280
-409160
-425310
-385710
-406800
-388060
-371030
-363950
-326980
-320980
-319910
-279100
-255990
-245070
-231790
-218810
-205360
-182350
-164290
-188730
-155440
-176010
-163820
-177760
-187420
-204570
-215060
-237320
-259640
-283480
-308550
-323830
-347080
-367490
-372180
-366730
-397010
-399610
-391490
-380900
-377990
-379020
-364650
-335150
-299420
-295760
-247130
-207150
-162920
-133930
-79150
-22810
32420
72070
123440
178000
217460
283700
326310
359750
397130
436040
467610
514600
524330
553080
592760
603390
616400
637330
643250
659650
661160
646110
665860
662620
638710
626550
633150
619010
602210
589580
555900
551370
529560
490290
472980
464960
410600
396870
364290
331220
293840
277050
241520
209920
160650
141840
145420
79910
49050
49900
28960
-36370
-48060
-62050
-80760
-114370
-125430
-116180
-103700
-139310
-147950
-109910
-125990
-136020
-131410
-94400
-101670
-105760
-85210
-50480
-53300
-69930
-27690
-28110
-57360
-45420
-52700
-58070
-75560
-90520
-96080
-140550
-159830
-190170
-196730
-235820
-287480
-303560
-329180
-351530
-411370
-434480
-458810
-472720
-513120
-549870
-573640
-597710
-599110
-604990
-645330
-628550
-620920
-617300
-626840
-603450
-580250
-562190
-550650
-520020
-490190
-471440
-446160
-397600
-383700
-352170
-324780
-285600
-262660
-229870
-174630
-147390
-119610
-101620
-73650
-33400
-15100
-13130
9090
37940
54320
68270
64840
87350
103340
102830
120490
134820
131750
145140
157490
161020
180790
187530
180910
187440
191530
198440
195770
197610
202420
192420
189430
195860
180610
164480
179090
174700
155340
150940
150570
139730
134930
116910
102620
119920
108160
102470
93310
108160
108830
114520
117220
146340
157240
159820
209020
221760
224440
269180
279800
280920
301950
324170
317040
327950
313970
330030
335660
285740
291380
291300
251520
219950
176220
154030
125520
67780
-4110
-11540
-80490
-168160
-173920
-214300
-294490
-325480
-361470
-389220
-408840
-448810
-457470
-436720
-472610
-463650
-418650
-442220
-425810
-398120
-372300
-338180
-330830
-303610
-232900
-196860
-198920
-136580
-79760
-78130
-28790
3070
24650
56100
47650
50950
71420
68320
36510
49010
35580
21200
9120
-28430
-16560
-55030
-64150
-74500
-106080
-139180
-143340
-141280
-166870
-181960
-215990
-220080
-215010
-237600
-251070
-221800
-230260
-228390
-221640
-219320
-214690
-225890
-216170
-205910
-205240
-239050
-194500
-202250
-226010
-216540
-207180
-220360
-221040
-212930
-216670
-175910
-203430
-204540
-167040
-153840
-180710
-171830
-130330
-144830
-120810
-114050
-83620
-54750
-65110
-20440
9410
30890
47920
88410
122570
108330
136230
149120
168900
177230
136400
165990
181540
137980
107900
128710
123110
71710
68800
28070
36740
-5570
-47990
-52440
-78240
-133300
-154550
-164820
-193350
-198700
-210940
-206620
-204860
-243390
-226860
-167160
-182280
-191840
-114780
-68010
-59100
-5950
24590
91110
164630
138090
202860
245480
288200
310800
357870
379110
407850
438440
422120
469940
467570
454170
474330
459490
434880
410090
417420
351800
321210
313350
232740
222920
162200
128140
100400
85990
44430
9240
-4070
-25320
-57810
-82640
-95370
-108300
-124230
-135170
-155440
-160270
-155140
-172720
-165250
-180000
-151210
-161170
-167460
-143250
-125760
-134370
-135440
-110340
-144720
-106750
-111510
-120930
-131130
-106660
-116150
-117600
-105260
-118650
-120060
-106240
-102170
-111170
-89930
-86680
-92890
-81210
-83320
-93130
-77710
-117940
-93670
-98070
-106500
-98580
-110470
-116480
-118690
-94130
-154370
-143550
-159500
-180290
-183620
-200400
-224360
-219550
-210600
-239550
-245540
-232400
-269980
-253310
-243090
-263670
-231940
-239350
-246140
-201490
-190870
-201970
-167230
-145450
-139890
-81390
-85780
-63460
-17530
-5840
15790
0
68560
79190
133050
155850
176440
207320
234400
249590
288410
298570
318880
352360
342790
363900
405300
415980
409790
433370
441230
452860
445110
431280
434860
433210
409500
392380
375360
358860
342110
311650
297950
273630
244390
212710
194150
167550
140490
132010
100640
62600
63250
73550
38880
25170
13810
25520
39590
14070
760
12910
28620
54520
36580
34800
56920
89490
81810
86840
90820
91620
108940
112330
85070
98630
109330
82950
71610
75980
61240
44930
32880
4930
4310
-2750
-26980
-43150
-68170
-83230
-86060
-106250
-150940
-159070
-173480
-183960
-207540
-225230
-234270
-225640
-244470
-270680
0
-285510
-291070
-296600
-303090
-317230
-321990
-312490
-314100
-323990
-326030
-327550
-314330
-321280
-315790
-300350
-298140
-280310
-259180
-240430
-229960
-216210
-199700
-167750
-139270
-131360
-105160
-79090
-52380
-12290
15070
34410
52000
101300
139910
161790
169410
184790
214070
228460
234970
244610
243890
242790
253930
250990
250140
234290
224200
224730
223930
203180
175540
155330
147460
150380
131710
111550
82150
67530
78360
75400
47660
46440
50760
54390
53510
57850
59310
72370
76280
77010
93960
92950
100310
120910
123220
134130
146750
142110
138780
159790
160820
155610
163370
146650
155240
161680
144970
128400
114800
106680
107680
97340
71160
59200
57000
52310
50190
29820
18280
27160
24760
14910
10370
11090
10810
21390
12880
-5290
440
-4170
4410
-680
-15560
-21620
-16300
-19530
-26300
-37030
-49750
-60130
-69950
-85280
-96450
-125080
-141580
-144960
-139700
-150200
-167180
-173840
-170970
-147240
-139230
-143060
-143980
-138600
-115710
-91630
-78390
-71230
-62070
-34110
-5560
15800
18230
29970
51530
63490
76370
69280
67550
68030
82150
83150
72250
61840
54580
58100
43660
32980
29820
13710
1770
-9580
-21850
-26060
-40640
-49690
-54910
-53810
-65370
-73880
-67580
-64480
-57310
-58250
-63830
-67900
-56500
-45360
-38990
-43330
-44390
-25970
-13330
-12660
-700
16230
23110
30740
32390
42030
51820
54970
51630
56990
68580
73240
73520
75450
71080
66210
60140
51250
42810
27910
21420
9300
-3840
-9260
-12810
-17870
-31170
-36180
-40580
-44460
-52350
-60480
-52860
-36060
-27890
-32240
-37580
-16290
720
16490
26080
32700
41560
57010
79200
88680
106740
113930
113170
118460
122910
129490
131880
126060
122730
123220
119930
107570
92920
83940
68290
60020
37810
25290
13020
1370
-6090
-13630
-18080
-24160
-20350
-28550
-33020
-23060
-12150
-6590
840
11760
32040
44770
50980
60290
68010
78590
84320
96010
96270
97190
95750
105060
110930
108710
98990
86500
76700
62930
60190
55120
36450
14760
2810
-11170
-20310
-32100
-41620
-44280
-50900
-54270
-58620
-52030
-47710
-38430
-29670
-24430
-24120
-15830
-2870
11620
16710
17660
26120
35100
39600
38540
34390
25270
24620
16320
2540
-13890
-29470
-38200
-44140
-55650
-79850
-101340
-123550
-141360
-155790
-174980
-194910
-214480
-231070
-236590
-240080
-253520
-265650
-268350
-260720
-251590
-240040
-237290
-224930
-209740
-191270
-176110
-170300
-159440
-144370
-125310
-107650
-87620
-80150
-70090
-60440
-54650
-49040
-50750
-62540
-71200
-69660
-68040
-73510
-88320
-101260
-110040
-113720
-124670
-131490
-143170
-149810
-145450
-142760
-133470
-123160
-112930
-101360
-83910
-67330
-45200
-13560
14430
44400
79750
112900
145600
178920
214630
255700
287610
317670
353320
384050
413020
438970
460290
480320
489350
490040
492390
500670
508440
512710
507980
501530
490710
481710
475010
462750
443330
419950
396440
371180
344540
323680
301440
271170
241840
208200
187660
165480
141310
117470
103660
88600
68140
47450
26960
10690
-5530
-20480
-33120
-48060
-65790
-78230
-86890
-97570
-106130
-117640
-137800
-153160
-165160
-176820
-186420
-202160
-219830
-239220
-260040
-289870
-311610
-336590
-366380
-390760
-417240
-443430
-466660
-492520
-514620
-527560
-540900
-560590
-577080
-595150
-609800
-609190
-619410
-627230
-627430
-628740
-626250
-617030
-605170
-584570
-560040
-541790
-520810
-495160
-466920
-435710
-405960
-381070
-352470
-324700
-297040
-268100
-231920
-199370
-165400
-127270
-92390
-53570
-18040
18960
61090
102070
138640
172730
208120
243470
278190
314090
352400
387710
419220
452610
485950
521580
553000
578210
603800
621710
636460
651860
661490
667890
666210
667670
661020
649640
635620
616890
602590
583890
561960
535710
512170
486380
465960
447270
426230
409720
392520
376770
362300
350770
338080
332170
323790
312220
306080
305800
301520
300120
299870
295290
295810
290900
283600
280210
273660
260260
246240
224790
201200
179700
149250
112140
79990
43480
1720
-34190
-80860
-125450
-166440
-213030
-257890
-304970
-352390
-399220
-441420
-485220
-526870
-567110
-607940
-641190
-670020
-694560
-716500
-734950
-748820
-754560
-753070
-755380
-756610
-751040
-740950
-724220
-710600
-697830
-681780
-661280
-636950
-609380
-579540
-549220
-515540
-480150
-440090
-399810
-359340
-317810
-276800
-236770
-196180
-155040
-114460
-75650
-35130
11110
50650
88270
122980
162060
201710
241220
274260
302890
329750
353660
379620
397700
414700
429920
438310
444860
447600
446410
447130
443050
435140
427500
418580
411390
403270
396050
387290
381140
376330
371800
366120
361480
361170
366440
373250
377630
389440
403960
419780
440950
461280
486540
511510
533530
554800
574970
595240
610560
620650
630790
639180
642490
644860
641230
634930
623510
613230
598530
573920
545970
513490
483020
443480
398930
355770
307710
259760
211620
159880
111120
62570
13570
-31430
-74360
-119400
-161480
-198090
-234620
-271750
-308100
-343310
-377810
-408310
-437990
-468330
-496300
-522930
-541940
-560650
-582230
-599440
-613750
-623950
-631450
-639740
-650650
-659220
-665670
-670220
-670840
-668750
-668160
-661970
-644260
-620540
-592670
-563270
-531150
-492490
-450600
-407460
-364670
-324290
-279630
-234400
-189060
-148770
-108900
-66030
-23020
19190
53690
87550
120060
148410
170230
190980
206200
213540
214230
213790
213090
208540
200260
189190
180340
171000
162210
150040
141010
134630
130590
123970
119220
119060
126240
138430
149160
161110
177610
199640
222760
247940
272780
303710
336170
366420
399510
432140
467790
501270
529000
554830
583380
607350
626210
641290
652540
656450
659610
655530
645380
634080
617480
595120
571730
544980
513080
479130
438770
397290
357060
314290
270980
226330
180430
137980
97420
54840
12540
-27530
-66980
-101340
-131850
-166380
-199350
-228090
-253300
-276580
-299850
-324780
-347750
-370020
-391180
-410650
-432190
-450900
-470700
-489050
-505650
-517400
-526790
-539090
-552350
-567000
-584660
-597440
-609120
-623420
-635640
-644990
-644250
-638590
-626830
-609140
-586040
-559890
-528430
-490610
-451640
-409040
-368110
-324450
-276750
-229960
-186910
-146020
-100100
-50970
-3090
43570
84010
121950
160960
196310
228780
248950
263530
272180
275220
271990
266970
259930
248440
236370
219190
202980
186560
168560
151900
137160
125110
113770
105150
102540
106080
113820
121930
133650
149450
170730
196820
221860
251250
281750
312450
343420
372540
400000
425570
453130
475240
494480
510250
520770
527440
525550
520600
509190
491170
468950
443310
416790
385730
351690
313040
271850
230780
187030
144890
101950
61270
23090
-13820
-46780
-78720
-107170
-129850
-153210
-175190
-190970
-204710
-219830
-234790
-245980
-253150
-259980
-271600
-282810
-291580
-301460
-313580
-331950
-351910
-369940
-381040
-393250
-405500
-415990
-427890
-444230
-464760
-489090
-511810
-533140
-560040
-584450
-603210
-610400
-609800
-605460
-592080
-568450
-538730
-504520
-467020
-421570
-366530
-307150
-250770
-199780
-148640
-95850
-44110
7560
62220
116370
165370
210240
252590
296990
342030
378640
401590
414640
420620
419350
411880
399630
381250
358590
329930
296900
265250
236830
209270
180780
151230
124980
102680
82640
67950
59040
55400
55940
56920
59160
69400
85930
106070
0
151840
173990
197600
224490
253030
280910
307960
329210
345640
358180
368690
374660
373470
364600
350820
333450
312350
286480
257450
227670
194860
153520
109430
66980
24100
-20480
-65790
-108830
-151720
-193810
-234220
-272200
-304810
-335950
-361780
-384960
-404340
-420850
-435310
-446350
-455970
-464090
-470130
-480010
-491960
-506650
-520820
-538970
-565720
-593770
-613310
-622240
-626750
-630110
-636560
-643690
-652980
-665160
-678200
-692910
-712810
-736700
-754710
-761590
-756840
-740450
-716730
-686300
-642730
-594670
-542180
-484530
-419210
-344110
-268060
-197830
-131130
-67630
800
75920
151870
222510
281270
336260
387710
441720
496330
537990
567200
584570
590010
587060
577280
558750
534300
505380
470070
429310
384730
345220
312580
279720
247820
213690
181480
152750
133550
125810
123450
123750
125930
133730
152230
179240
210750
248240
288100
326760
363870
398860
435270
478640
523880
560730
585980
600060
607710
608400
600140
581520
556150
521720
478410
430920
382940
333390
279320
220400
155810
87110
14640
-55930
-119970
-179450
-236020
-292710
-352810
-413670
-462800
-498260
-530830
-559270
-585440
-607970
-624350
-636810
-643480
-644670
-644490
-650700
-661510
-674790
-691240
-708450
-728130
-746010
-758300
-765120
-766990
-764730
-764070
-766110
-767860
-776060
-793730
-811920
-828480
-840440
-843080
-834200
-810470
-776040
-734450
-685950
-626470
-559370
-487850
-408520
-322990
-232110
-143630
-60820
16550
93120
171880
252610
329950
397600
461380
522980
582400
635170
679520
713290
732210
731520
718390
701740
681060
655900
622770
583680
540400
496450
459010
431490
409230
385860
358260
330020
309490
302030
306800
320590
339810
361920
387280
418090
456310
502640
556150
607440
649950
684590
719150
758470
798550
833310
856230
862850
852510
834520
813160
787340
750890
701030
638070
565380
488680
411140
335430
259370
177290
88190
-3480
-96640
-180990
-252990
-317800
-380880
-443160
-499910
-545920
-581000
-606390
-623830
-640060
-659120
-678520
-691580
-696840
-696990
-696460
-700560
-711580
-730120
-751630
-767600
-776720
-782100
-781090
-778660
-779760
-784040
-793370
-807440
-824600
-846470
-871150
-893580
-908560
-911740
-893760
-857220
-811910
-763530
-711660
-653150
-585950
-507130
-416030
-315890
-213290
-114490
-20050
68080
152520
236070
316160
388220
450960
506140
556650
606430
653270
687690
705660
701720
678640
