-7, 0, -7, 0
-7, 0, -7, 0
-7, 0, -7, 0
-7, 0, -7, 0
-7, 0, -7, 0
-7, 0, -7, 0
-7, 0, -7, 0
-7, 0, -7, 0
-7, 0, -7, 0
-7, 0, -7, 0
-7, 0, -7, 0
-7, 0, -7, 0
-7, 0, -7, 0
-7, 0, -7, 0
-8, 0, -8, 0
-7, 0, -7, 0
-7, -1, -7, -1
-7, -1, -7, -1
-8, -1, -8, -1
-7, -1, -7, -1
-7, -1, -7, -1
-7, -1, -7, -1
-7, -1, -7, -1
-7, -1, -7, -1
-7, -1, -7, -1
-7, -1, -7, -1
-7, -1, -7, -1
-7, -1, -7, -1
-7, -1, -7, -1
-7, -1, -7, -1
-7, -1, -7, -1
-1, -1, -1, -1
-5, -1, -5, -1
-7, -1, -7, -1
-7, -1, -7, -1
-7, -1, -7, -1
-7, -1, -7, -1
-7, -1, -7, -1
-7, -1, -7, -1
-7, 0, -7, 0
-8, -1, -8, -1
-7, -1, -7, -1
-7, -1, -7, -1
-7, -1, -7, -1
-7, -1, -7, -1
-7, -1, -7, -1
-7, -1, -7, -1
-7, -1, -7, -1
-7, -1, -7, -1
-7, -1, -7, -1
-7, -1, -7, -1
-7, -1, -7, -1
-7, -1, -7, -1
-7, -1, -7, -1
-3, -1, -3, -1
-1, 0, -1, 0
-1, -1, -1, -1
-1, 0, -1, 0
-1, -1, -1, -1
-7, -1, -7, -1
-7, -1, -7, -1
-7, -1, -7, -1
-7, -1, -7, -1
-7, -1, -7, -1
-7, -1, -7, -1
-7, -1, -7, -1
-7, -1, -7, -1
-7, -1, -7, -1
-7, -1, -7, -1
-7, -1, -7, -1
-7, -1, -7, -1
-7, 0, -7, 0
-7, 0, -7, 0
-7, -1, -7, -1
-7, -1, -7, -1
-7, 0, -7, 0
-7, -1, -7, -1
-7, -1, -7, -1
-7, -1, -7, -1
-1, 0, -1, 0
-1, 0, -1, 0
0, -1, 0, -1
-7, -1, -7, -1
-7, 0, -7, 0
-7, 0, -7, 0
-7, -1, -7, -1
-7, -1, -7, -1
-7, 0, -7, 0
-7, 0, -7, 0
-8, -1, -8, -1
0, -1, 0, -1
-7, 0, -7, 0
-8, -1, -8, -1
-7, -1, -7, -1
-7, -1, -7, -1
-7, -1, -7, -1
-7, -1, -7, -1
-7, -1, -7, -1
-7, -1, -7, -1
-7, -1, -7, -1
-7, -1, -7, -1
-7, -1, -7, -1
-7, -1, -7, -1
-7, -1, -7, -1
-3, -1, -3, -1
-7, -1, -7, -1
-25, 0, -25, 0
-7, -1, -7, -1
-7, -1, -7, -1
-7, -1, -7, -1
-15, 0, -15, 0
24, -1, 24, -1
-7, -1, -7, -1
-7, -1, -7, -1
-9, 0, -9, 0
-7, 0, -7, 0
-7, -1, -7, -1
-7, 0, -7, 0
-7, -1, -7, -1
-7, -1, -7, -1
-7, -1, -7, -1
-7, -1, -7, -1
-7, -1, -7, -1
-7, -1, -7, -1
-7, -1, -7, -1
-1, -1, -1, -1
-1, -1, -1, -1
-1, 0, -1, 0
-7, -1, -7, -1
-7, -1, -7, -1
-7, -1, -7, -1
-7, -1, -7, -1
-7, -1, -7, -1
23, -2, 23, -2
-7, -1, -7, -1
-7, -1, -7, -1
-7, -1, -7, -1
-7, -1, -7, -1
-19, 0, -19, 0
-7, -1, -7, -1
-7, -1, -7, -1
-7, -1, -7, -1
-7, -1, -7, -1
-7, -1, -7, -1
-7, -1, -7, -1
-7, -1, -7, -1
-7, -1, -7, -1
-23, 0, -23, 0
-7, 0, -7, 0
-1, -1, -1, -1
-7, 0, -7, 0
-7, -1, -7, -1
-7, -1, -7, -1
-7, -1, -7, -1
-7, 0, -7, 0
-8, -1, -8, -1
-7, -1, -7, -1
-7, 0, -7, 0
-7, 0, -7, 0
-7, 0, -7, 0
-8, -1, -8, -1
-7, 0, -7, 0
-7, -1, -7, -1
-7, -1, -7, -1
-7, 0, -7, 0
-8, -11, -8, -11
-7, 0, -7, 0
-7, 0, -7, 0
-7, -1, -7, -1
-7, -11, -7, -11
-1, -1, -1, -1
-1, -1, -1, -1
-7, -1, -7, -1
-7, 0, -7, 0
-7, -1, -7, -1
-7, 0, -7, 0
-7, 0, -7, 0
-8, -19, -8, -19
-7, -1, -7, -1
-8, -1, -8, -1
-7, 0, -7, 0
-7, -1, -7, -1
-7, 0, -7, 0
-7, -1, -7, -1
-8, -25, -8, -25
-7, -1, -7, -1
-7, -1, -7, -1
-7, -1, -7, -1
-7, -1, -7, -1
-7, -1, -7, -1
-7, -1, -7, -1
-7, -1, -7, -1
-7, -1, -7, -1
-4, -1, -4, -1
2, 1, 2, 1
2, -1, 2, -1
11, -2, 11, -2
-7, 0, -7, 0
-7, -1, -7, -1
-7, -1, -7, -1
-7, -1, -7, -1
-7, -1, -7, -1
5, -2, 5, -2
-7, -1, -7, -1
-8, -1, -8, -1
-7, -1, -7, -1
-7, -1, -7, -1
-8, -1, -8, -1
-7, -1, -7, -1
-7, -1, -7, -1
-9, 0, -9, 0
-7, -1, -7, -1
-7, -1, -7, -1
-7, -1, -7, -1
-7, -1, -7, -1
-7, 0, -7, 0
-7, -1, -7, -1
-4, 1, -4, 1
0, -1, 0, -1
3, 5, 3, 5
3, -2, 3, -2
5, -2, 5, -2
-7, -1, -7, -1
-7, -1, -7, -1
-7, -1, -7, -1
-7, 0, -7, 0
-7, 0, -7, 0
-8, 0, -8, 0
-7, -1, -7, -1
-9, 0, -9, 0
-7, -1, -7, -1
-8, -1, -8, -1
-7, 0, -7, 0
-7, -1, -7, -1
-7, -1, -7, -1
-7, -1, -7, -1
-6, -1, -6, -1
27, -3, 27, -3
4, -3, 4, -3
3, -1, 3, -1
-7, -1, -7, -1
-7, 0, -7, 0
-9, -1, -9, -1
-7, -1, -7, -1
-7, 0, -7, 0
-7, -1, -7, -1
-7, -1, -7, -1
-7, -1, -7, -1
-7, -1, -7, -1
-7, -1, -7, -1
-8, 0, -8, 0
-7, -1, -7, -1
-7, -1, -7, -1
-7, -1, -7, -1
-7, -1, -7, -1
-7, -1, -7, -1
-7, -1, -7, -1
-7, -1, -7, -1
-7, -1, -7, -1
-7, 0, -7, 0
-7, -1, -7, -1
-7, 0, -7, 0
-9, 0, -9, 0
-7, -1, -7, -1
-7, -1, -7, -1
-7, -1, -7, -1
-7, -1, -7, -1
-7, -1, -7, -1
-7, -1, -7, -1
-7, -1, -7, -1
-7, -1, -7, -1
-7, 0, -7, 0
-7, 0, -7, 0
-7, 0, -7, 0
-8, -1, -8, -1
-7, -1, -7, -1
-7, -1, -7, -1
-7, -1, -7, -1
-7, 0, -7, 0
-7, 0, -7, 0
-7, 0, -7, 0
-7, 0, -7, 0
-7, -1, -7, -1
-7, -1, -7, -1
-7, -1, -7, -1
-7, -1, -7, -1
-7, -1, -7, -1
-7, -1, -7, -1
-7, 0, -7, 0
-7, -1, -7, -1
1, -1, 1, -1
-7, -1, -7, -1
-7, -1, -7, -1
-7, -1, -7, -1
-7, -1, -7, -1
-7, 0, -7, 0
-7, -1, -7, -1
-8, 0, -8, 0
-7, -1, -7, -1
-7, 0, -7, 0
-7, -1, -7, -1
-8, 0, -8, 0
-7, -1, -7, -1
-7, -1, -7, -1
-7, -1, -7, -1
-7, -1, -7, -1
-7, -1, -7, -1
-7, -1, -7, -1
-7, -1, -7, -1
-7, 0, -7, 0
-7, -1, -7, -1
-7, 0, -7, 0
-7, -1, -7, -1
-7, 0, -7, 0
-7, -1, -7, -1
-7, 0, -7, 0
-7, -1, -7, -1
-7, -1, -7, -1
-7, -1, -7, -1
-7, -1, -7, -1
-7, 0, -7, 0
-7, -1, -7, -1
-7, -1, -7, -1
-7, -1, -7, -1
-7, -1, -7, -1
-7, -1, -7, -1
-7, -1, -7, -1
-7, -1, -7, -1
-7, -1, -7, -1
-7, -1, -7, -1
