25968 0
23664 -27851
-25595 -12238
385 -22491
-14045 20756
-13560 -10036
-4153 -20859
385 15891
-20779 31782
-27222 -4210
-31042 -19190
385 -27862
9701 20884
-15815 11030
7272 -11744
385 4527
-16430 12720
-12516 30011
-3616 -18646
385 10470
22061 15820
-25494 2464
15654 20874
385 1934
-3361 6198
-5842 -18393
-7327 6785
385 -1298
1639 8812
-1174 873
-6249 7784
385 30333
529 0
385 -30333
-6249 -7784
-1174 -873
529 -8812
385 1298
-7327 -6785
-5842 18393
529 -6198
385 -1934
15654 -20874
-25494 -2464
529 -15820
385 -10470
-3616 18646
-12516 -30011
529 -12720
385 -4527
7272 11744
-15815 -11030
529 -20884
385 27862
-31042 19190
-27222 4210
529 -31782
385 -15891
-4153 20859
-13560 10036
529 -20756
385 22491
-25595 12238
23664 27851
