29586 0
-11567 26399
-22656 -27290
385 11373
-15664 -29334
25770 6142
-24096 -15471
385 20953
-4628 -20944
4753 6877
-8954 12937
385 -21147
-26824 -29291
21220 -28641
31298 -7751
385 21595
-19006 -10662
-12526 19727
23618 -11687
385 -29061
-23482 18339
30655 -4361
4422 -5287
385 -19409
12456 1250
11011 28903
-30028 -20439
385 20932
-2150 21064
22771 27589
-11156 -7410
385 -3337
529 0
16013 3337
-11156 7410
17309 -27589
529 -21064
-14972 -20932
-30028 20439
-8002 -28903
529 -1250
-26825 19409
4422 5287
-26797 4361
529 -18339
14704 29061
23618 11687
-19213 -19727
529 10662
-30228 -21595
31298 7751
-18316 28641
529 29291
29883 21147
-8954 -12937
-1545 -6877
529 20944
849 -20953
-24096 15471
-28952 -6142
529 29334
-20807 -11373
-22656 27290
-12495 -26399
