24508 0
3111 -27325
24388 7366
13996 -10443
-24056 -27324
-26858 -22580
28871 3536
-249 -339
11939 -18010
18444 25172
14485 -24469
5837 -31035
-14010 -27107
-22398 12516
-2705 7424
28002 -20779
-28367 9063
15372 -16065
16987 -14532
20944 -19894
13762 -23127
-469 -16295
-6291 7983
-22036 -9432
29065 24756
-21395 -27087
18491 -2220
30366 -30776
16148 26572
-8906 20107
16590 2954
-21089 15445
28930 0
-21089 -15445
16590 -2954
-8906 -20107
16148 -26572
30366 30776
18491 2220
-21395 27087
29065 -24756
-22036 9432
-6291 -7983
-469 16295
13762 23127
20944 19894
16987 14532
15372 16065
-28367 -9063
28002 20779
-2705 -7424
-22398 -12516
-14010 27107
5837 31035
14485 24469
18444 -25172
11939 18010
-249 339
28871 -3536
-26858 22580
-24056 27324
13996 10443
24388 -7366
3111 27325
