253
222
46
143
43
143
43
15
143
143
43
167
160
163
167
32
224
173
49
242
58
186
21
13
209
30
205
16
188
54
241
116
47
234
230
110
252
112
238
216
19
83
153
213
78
205
83
218
209
20
150
47
173
12
30
176
247
93
247
253
240
228
111
213
233
105
127
184
120
254
122
219
203
26
245
145
19
243
121
53
179
116
242
105
175
88
177
115
217
86
216
80
86
83
204
14
93
209
17
156
44
18
251
178
26
247
238
252
123
234
109
249
54
234
254
56
115
86
95
183
19
81
223
95
81
189
250
184
179
112
239
116
38
222
242
114
251
214
125
83
210
147
82
10
19
213
14
149
48
77
94
169
86
189
106
118
126
102
112
247
109
168
223
53
109
217
217
181
82
81
254
89
76
249
120
29
185
106
181
111
232
243
118
106
223
121
254
213
206
23
12
202
206
23
202
148
182
9
54
241
93
155
102
91
47
234
112
184
41
108
94
179
244
220
27
112
80
144
247
217
16
112
218
252
238
49
59
113
166
153
236
109
94
94
242
206
88
17
19
76
206
213
78
144
50
74
123
185
52
212
47
180
254
170
115
248
58
230
84
246
114
219
90
238
87
157
216
113
23
111
219
244
118
46
122
122
176
243
249
125
184
153
29
21
18
80
146
150
210
218
208
87
249
117
81
127
247
53
90
50
222
94
183
114
254
18
238
93
251
92
243
210
246
116
118
87
51
59
115
186
239
88
46
47
29
179
184
125
53
58
80
216
220
87
144
22
20
90
151
154
209
55
84
218
180
215
242
19
242
210
180
124
126
86
244
245
246
217
177
156
236
92
248
24
47
85
247
30
62
124
242
118
214
178
180
90
222
181
115
15
236
143
240
54
87
215
114
247
92
16
244
159
244
54
19
182
181
247
18
83
239
216
220
211
123
254
188
188
91
115
188
176
89
246
180
240
92
116
48
240
154
118
28
56
82
216
152
188
253
86
212
171
95
46
27
219
171
178
81
56
87
112
254
253
15
46
217
250
210
184
251
157
145
250
255
183
214
118
189
43
56
80
255
110
186
245
211
246
174
157
211
93
121
25
61
79
250
247
179
217
251
245
174
253
62
26
250
178
84
79
57
117
208
255
213
172
88
59
157
246
115
92
143
111
251
87
116
213
182
239
25
218
113
115
179
220
53
244
240
22
217
93
118
146
22
118
91
116
122
62
48
107
222
180
191
115
29
209
212
182
82
86
208
24
188
189
16
121
127
51
215
213
120
121
221
213
92
153
248
48
143
174
109
185
50
56
236
216
119
178
212
222
223
120
157
93
121
253
31
43
244
250
235
219
241
217
50
210
121
58
80
150
20
176
144
118
89
178
90
108
153
121
59
215
115
86
222
84
244
191
62
111
241
117
253
180
53
52
143
113
213
25
31
18
182
207
109
125
216
245
183
221
112
25
255
222
27
239
19
93
148
127
213
24
29
86
45
116
252
95
244
171
185
220
122
122
115
45
146
107
50
110
116
91
171
219
116
181
215
93
191
158
81
210
108
223
207
247
254
91
57
17
178
20
54
150
123
220
147
245
211
155
24
243
219
95
241
124
127
107
113
90
113
48
241
28
109
120
124
43
112
120
238
180
116
187
127
55
218
154
59
157
79
49
213
92
223
208
56
25
85
115
185
208
120
63
126
82
216
250
20
154
25
29
94
122
252
216
109
45
123
121
246
107
174
211
43
244
124
107
221
175
44
84
242
89
222
177
207
127
153
156
251
207
215
89
221
159
81
249
253
92
113
213
151
182
183
211
88
124
148
94
246
83
19
180
245
218
248
121
63
223
43
115
87
177
235
124
245
242
190
155
111
239
155
87
184
88
95
52
210
220
115
149
93
253
153
214
52
249
253
83
246
90
79
219
153
143
24
127
208
17
247
218
213
49
183
22
253
109
242
25
239
247
125
44
240
25
247
174
117
223
245
254
94
118
223
254
88
83
182
153
153
89
217
155
155
250
118
218
153
254
18
126
220
147
254
28
207
214
148
222
250
80
127
90
123
113
121
219
119
241
177
175
45
249
123
109
114
113
56
185
222
246
240
54
79
248
120
212
57
156
83
251
19
223
188
211
218
156
79
22
86
82
17
212
209
27
219
254
84
221
249
254
61
45
175
156
238
109
117
240
173
116
241
53
117
116
54
245
56
250
123
124
115
89
189
246
25
118
214
222
91
152
86
79
210
150
79
81
16
215
25
210
215
125
150
255
246
125
51
110
248
48
110
56
178
248
245
184
243
92
56
178
253
244
112
113
108
239
244
235
247
48
181
52
120
187
255
26
190
88
210
253
80
207
254
15
86
216
17
251
209
254
159
214
113
90
117
109
61
115
245
177
182
118
55
220
245
243
146
50
223
255
118
221
115
249
112
175
158
107
118
124
48
242
216
61
246
84
90
249
15
219
157
207
86
147
90
150
85
22
254
211
90
180
27
91
252
107
220
216
107
112
23
108
243
216
59
243
122
23
239
156
93
120
119
157
125
178
95
244
92
250
220
30
121
88
255
149
95
89
17
215
20
82
207
218
155
212
144
89
217
85
220
158
253
146
107
87
183
115
56
244
115
118
243
191
179
246
249
118
61
183
122
121
248
63
93
172
250
217
220
108
215
120
189
156
60
94
214
255
210
84
18
207
82
20
218
17
143
91
63
79
93
116
154
83
107
187
84
237
107
147
239
238
87
245
241
124
221
53
56
95
159
110
214
219
44
220
214
179
254
28
125
184
254
93
94
117
214
223
122
148
147
27
87
215
44
80
210
242
210
86
112
191
211
46
243
27
119
236
118
126
107
54
187
118
46
219
118
178
216
124
245
121
88
124
48
155
252
248
159
253
112
118
24
249
115
20
63
119
207
94
213
207
207
213
56
11
146
115
14
220
247
216
153
114
242
217
52
105
190
127
41
60
249
243
126
222
244
247
86
121
51
156
88
114
186
219
177
125
92
182
120
123
119
245
121
90
119
92
144
124
81
207
143
26
51
139
209
52
213
213
119
90
123
252
239
30
123
108
115
158
107
248
187
116
187
222
58
222
61
254
124
113
126
251
238
253
238
62
252
107
92
252
175
31
117
220
87
242
15
216
81
15
80
15
189
191
15
114
150
76
238
117
63
115
55
246
250
112
238
84
244
241
209
119
156
213
121
92
157
252
117
242
188
239
111
90
171
182
28
112
126
218
115
85
159
252
86
127
152
148
223
89
213
79
212
183
210
147
173
86
144
244
248
95
49
184
238
122
177
110
218
111
62
211
240
91
213
120
220
219
246
124
176
57
241
241
116
108
113
58
242
90
124
123
15
251
151
91
158
222
93
191
217
24
143
211
218
126
16
17
175
79
254
120
28
122
247
116
171
247
48
239
215
238
85
22
242
16
255
120
88
127
123
57
244
242
239
247
50
111
88
183
252
211
247
213
22
110
154
246
241
92
252
30
90
91
207
20
207
83
45
74
190
49
77
123
243
21
112
112
244
115
94
170
152
220
116
210
253
187
77
183
223
90
117
124
115
183
51
112
56
51
248
83
241
218
213
245
26
121
181
221
241
117
187
116
28
223
147
80
77
76
206
49
144
83
42
144
89
236
94
54
238
246
49
182
116
223
222
121
142
125
243
206
51
118
82
115
254
127
241
243
250
188
123
158
82
251
189
216
112
120
122
111
157
116
171
28
245
117
218
213
15
148
202
17
151
251
148
89
110
151
63
48
223
112
236
118
112
184
117
31
86
121
213
87
114
209
122
247
83
112
183
223
44
244
243
59
95
109
214
253
113
90
246
183
216
239
218
54
173
125
49
123
211
30
78
210
83
14
150
127
151
89
112
159
22
46
191
254
234
125
115
184
123
94
214
125
215
83
48
147
91
238
209
58
239
217
46
241
249
114
252
53
253
222
48
27
123
115
213
48
112
255
234
120
247
118
211
26
17
141
81
140
144
24
219
86
248
248
18
180
183
212
239
120
244
240
60
184
217
217
254
76
253
249
14
239
220
216
238
125
244
170
125
47
115
126
243
93
53
119
88
47
127
122
108
121
240
175
92
247
62
84
83
86
78
144
14
217
255
148
149
48
153
148
48
94
123
240
251
54
251
159
247
211
122
217
146
112
221
217
238
215
58
113
223
238
111
127
172
243
61
115
126
245
59
95
238
95
115
114
250
239
55
218
114
214
145
22
145
142
80
142
91
249
78
126
182
78
118
245
84
244
51
29
240
59
123
120
215
180
218
86
177
216
255
46
24
124
112
125
111
184
241
235
92
112
174
95
49
248
31
243
220
126
241
254
63
246
217
127
220
213
86
216
15
79
79
209
91
14
146
248
18
212
119
152
126
52
186
241
123
59
43
86
119
113
86
120
241
149
120
177
148
245
245
127
239
253
238
46
247
176
110
123
119
252
124
114
85
157
248
27
126
91
124
187
22
255
30
209
83
218
207
79
51
77
205
114
14
214
239
211
123
52
254
56
52
121
111
222
52
41
93
123
109
222
126
180
218
122
248
95
113
249
121
108
120
111
179
217
238
244
220
55
251
213
118
25
216
63
151
94
28
143
25
214
143
27
209
85
248
203
21
179
205
86
239
85
157
114
59
247
254
241
105
31
243
234
85
119
115
150
247
123
216
185
246
221
56
245
249
113
186
245
174
218
115
181
154
124
120
216
91
249
83
251
85
214
159
19
147
92
205
144
88
127
207
144
252
29
205
246
247
19
49
243
255
117
179
239
247
254
108
111
147
241
242
20
252
243
89
252
242
254
255
54
52
180
251
54
119
215
112
127
210
245
250
83
115
219
90
60
86
26
29
143
24
210
15
24
93
213
73
58
247
204
29
110
88
255
115
57
244
250
240
106
82
109
175
208
247
114
151
118
59
92
249
251
185
119
221
177
114
25
241
179
87
53
121
221
126
127
219
222
213
93
216
207
56
153
143
20
151
213
209
61
251
71
53
245
78
250
240
26
250
248
51
246
91
106
242
87
239
114
214
119
53
218
56
123
91
114
31
185
114
90
245
111
89
252
179
27
220
223
185
219
26
91
95
211
63
222
212
213
151
86
207
148
17
212
187
12
205
245
23
215
48
124
124
53
246
109
121
241
104
183
217
108
178
212
116
244
26
255
188
55
123
120
110
246
94
107
174
252
109
239
216
31
113
29
86
95
223
212
208
31
93
83
26
91
145
80
86
124
176
11
216
175
80
156
233
254
152
122
240
237
214
44
234
74
108
239
209
120
243
217
28
217
45
119
213
106
124
62
240
44
179
219
237
52
217
59
244
87
92
218
221
86
220
29
209
19
117
17
206
124
206
29
172
74
214
234
78
244
168
87
252
122
109
47
204
51
184
74
230
92
205
124
120
119
222
125
45
211
243
168
125
57
183
63
110
29
122
119
206
240
120
210
58
147
53
249
17
122
85
85
191
78
214
206
14
190
121
196
222
110
210
154
105
153
86
232
232
127
209
38
56
80
106
217
74
234
245
148
86
239
248
222
170
240
152
40
233
21
240
116
219
116
184
84
213
112
124
81
52
244
144
245
220
14
20
24
77
74
90
144
63
74
24
239
206
240
108
84
46
236
48
52
90
38
218
82
106
140
223
239
23
124
123
238
120
118
239
121
176
37
155
123
173
123
217
115
188
78
241
241
80
126
240
191
213
113
147
209
152
17
201
78
211
19
186
196
44
118
78
233
247
95
166
178
175
223
234
109
144
116
183
77
239
86
124
222
110
244
94
234
121
111
174
47
253
47
243
125
218
46
153
211
237
28
90
249
242
221
87
239
204
81
211
208
136
10
149
26
68
117
181
74
236
241
89
236
104
239
126
170
237
126
60
112
142
240
153
85
191
114
119
92
102
159
234
234
53
170
119
111
56
249
123
115
80
116
245
124
220
113
51
85
116
215
14
147
14
12
10
154
150
196
45
223
201
234
223
221
232
109
55
119
232
50
26
45
90
213
238
206
127
252
113
255
51
105
118
234
115
49
240
117
57
55
216
125
112
211
116
117
116
159
45
248
63
250
81
16
74
86
10
150
223
4
54
114
74
248
110
211
238
110
124
254
239
108
217
28
243
18
55
93
24
87
106
251
93
170
119
238
177
108
182
121
113
62
218
28
122
82
244
254
244
247
52
242
254
252
88
143
142
14
144
61
202
10
102
74
249
57
30
92
104
111
82
243
241
61
27
49
78
61
115
82
220
123
112
223
105
124
111
174
46
242
95
234
93
120
93
159
215
123
157
218
118
188
172
150
249
209
88
145
76
221
122
132
122
124
12
255
119
82
244
232
188
189
173
246
221
119
151
144
247
84
80
218
115
83
44
175
217
234
42
49
117
233
122
124
243
95
24
90
244
219
59
212
118
158
216
151
145
213
82
241
158
68
114
122
210
249
56
17
108
106
90
188
247
116
249
55
202
62
123
78
222
82
126
150
110
156
54
237
106
177
112
234
94
106
120
60
220
62
120
125
255
82
51
84
126
142
22
149
159
110
68
246
190
215
244
51
144
249
102
253
244
119
122
190
240
214
14
248
210
91
218
95
142
109
183
90
168
55
117
237
234
218
113
243
93
178
223
255
93
52
214
58
152
17
220
87
223
45
208
73
175
85
22
113
254
84
236
170
251
250
114
189
252
111
204
216
215
27
153
90
213
28
243
222
232
116
191
177
105
125
55
117
87
241
159
218
215
56
146
92
217
81
218
220
154
233
142
26
120
214
154
117
214
89
234
115
112
174
48
125
112
182
82
123
80
87
152
118
149
28
114
125
169
187
244
126
44
187
247
218
25
116
216
91
83
85
77
25
210
208
93
88
44
149
118
159
223
180
123
190
212
106
125
106
180
108
247
123
174
212
247
210
92
147
61
254
23
237
122
175
250
102
222
243
239
23
120
221
219
206
95
144
12
212
83
148
77
222
55
124
78
172
159
63
49
48
95
250
170
248
110
115
247
190
237
220
89
245
214
223
89
250
154
106
219
113
242
58
106
117
177
120
113
217
124
253
204
208
77
16
142
213
77
81
57
151
147
177
221
21
113
238
216
248
234
56
243
242
240
124
49
254
122
255
92
254
22
47
84
116
246
52
178
118
239
123
108
114
61
94
50
212
81
181
205
16
82
28
209
150
123
208
212
127
222
216
159
242
21
254
179
60
120
108
115
218
108
247
61
112
247
221
54
245
218
115
30
52
249
125
114
252
242
243
247
124
107
121
17
247
189
79
22
222
209
203
123
154
13
218
188
219
211
51
89
149
245
125
222
50
48
222
109
243
61
237
120
117
116
178
213
52
120
28
245
246
125
247
118
222
237
251
120
235
24
85
181
158
18
95
80
11
249
216
12
211
53
217
147
53
246
83
117
175
217
248
109
63
249
108
255
255
116
119
251
126
91
120
124
158
125
49
254
244
239
220
237
108
54
116
174
217
29
57
24
80
215
85
75
93
23
18
152
220
214
222
113
127
223
114
178
222
50
113
60
242
189
122
119
55
91
242
252
91
176
218
215
243
120
255
245
124
250
120
107
190
247
244
62
30
253
25
211
252
85
79
143
213
56
145
152
219
223
31
58
245
121
109
249
247
188
236
245
57
111
127
122
108
249
222
45
115
154
221
58
223
124
91
181
209
30
244
60
124
120
235
84
119
252
61
191
217
88
143
249
79
215
124
84
28
127
87
247
54
95
181
171
125
221
109
113
124
109
252
254
240
177
217
251
248
61
120
153
79
155
217
212
15
87
152
207
178
217
86
246
51
216
118
242
122
122
191
176
123
90
110
59
26
108
242
92
182
120
119
249
254
29
214
216
91
17
217
86
88
186
207
255
248
245
146
113
220
18
114
217
148
61
221
207
247
89
21
223
92
213
30
43
207
110
124
127
183
48
250
126
107
248
237
116
110
237
240
54
183
115
213
53
159
216
126
27
215
219
251
16
87
221
94
213
15
122
215
216
83
122
213
213
60
95
216
217
190
56
248
113
214
110
243
23
235
114
152
249
43
251
90
171
120
94
238
111
211
50
187
88
186
59
90
211
240
90
87
159
220
145
88
223
216
22
93
26
95
29
30
126
126
217
246
120
223
245
125
117
174
251
188
171
173
220
115
248
115
223
107
219
87
107
22
123
191
249
191
222
179
213
254
213
115
219
62
217
28
215
123
241
159
238
94
89
110
242
93
246
243
220
237
176
94
191
43
126
127
236
118
220
48
235
148
119
240
123
94
249
85
214
30
24
86
146
91
31
30
88
83
236
92
211
115
254
148
123
95
92
156
218
45
219
87
47
112
147
117
238
90
246
250
46
221
59
237
179
219
46
116
220
176
252
251
217
92
155
124
83
21
148
31
122
143
207
118
86
213
249
82
95
122
30
149
124
242
248
92
183
174
215
45
44
214
171
110
210
243
236
211
47
254
94
123
63
248
184
222
27
241
145
223
250
80
90
252
87
84
92
212
217
93
148
217
92
84
84
221
122
16
58
145
26
171
15
175
90
181
55
246
53
249
212
231
223
118
246
28
235
92
89
103
209
54
239
144
123
121
190
146
48
90
121
29
149
186
28
214
190
252
148
153
119
93
20
19
109
214
249
119
24
182
216
53
251
251
218
111
252
253
111
92
176
213
127
219
186
153
248
84
110
18
183
245
213
25
127
148
189
151
255
85
93
118
213
122
58
245
215
107
111
92
189
174
154
113
213
241
190
213
173
25
89
116
241
251
119
89
94
124
177
246
81
248
221
154
119
218
51
151
220
215
175
91
56
149
218
21
211
59
221
211
219
185
213
253
114
178
25
247
120
181
123
236
31
244
119
61
125
114
253
107
121
43
237
123
235
50
27
120
190
148
94
124
150
125
81
236
152
58
222
207
87
55
79
94
15
215
157
250
126
127
213
116
92
107
239
119
176
59
111
94
43
248
249
254
83
245
220
28
254
85
108
182
48
43
91
107
123
189
112
27
118
148
210
249
207
79
207
83
89
22
22
212
89
221
92
112
238
246
173
45
44
236
113
242
252
116
125
223
219
156
148
84
93
92
95
241
113
112
