-7, 0, -7, 0
-7, 0, -7, 0
-7, 1, -7, 1
-13, -2, -13, -2
-7, 0, -7, 0
-7, 0, -7, 0
-7, 0, -7, 0
-5, 0, -5, 0
-7, 0, -7, 0
-7, 0, -7, 0
-7, 0, -7, 0
-7, 0, -7, 0
-7, 0, -7, 0
-7, 0, -7, 0
-7, 0, -7, 0
13, 1, 13, 1
-7, -2, -7, -2
-7, -1, -7, -1
-7, -2, -7, -2
-7, -1, -7, -1
-7, -1, -7, -1
-7, 1, -7, 1
-7, -2, -7, -2
-7, 1, -7, 1
-7, -2, -7, -2
-7, -1, -7, -1
-7, 1, -7, 1
-7, -2, -7, -2
-7, -1, -7, -1
-7, -1, -7, -1
-7, -2, -7, -2
-7, -1, -7, -1
-7, -1, -7, -1
-7, -1, -7, -1
-7, -1, -7, -1
-7, 1, -7, 1
-7, 0, -7, 0
-7, -2, -7, -2
15, -2, 15, -2
-8, 1, -8, 1
-7, -1, -7, -1
-7, -1, -7, -1
-7, -1, -7, -1
-7, -1, -7, -1
-7, 1, -7, 1
-7, -2, -7, -2
-7, 1, -7, 1
-7, 0, -7, 0
-7, -2, -7, -2
-7, 1, -7, 1
-7, -2, -7, -2
-7, -1, -7, -1
-1, 0, -1, 0
-7, -2, -7, -2
-7, 1, -7, 1
-7, 0, -7, 0
-7, 0, -7, 0
-7, 0, -7, 0
-7, 0, -7, 0
-8, -2, -8, -2
-7, -2, -7, -2
-7, -1, -7, -1
-9, 1, -9, 1
-7, -2, -7, -2
-8, 1, -8, 1
-7, 0, -7, 0
-7, 0, -7, 0
-7, 0, -7, 0
-7, 0, -7, 0
-7, 0, -7, 0
-7, 0, -7, 0
-7, 0, -7, 0
-7, 0, -7, 0
0, -2, 0, -2
-1, 1, -1, 1
-1, 0, -1, 0
-7, 0, -7, 0
-7, 0, -7, 0
-8, -2, -8, -2
-7, 1, -7, 1
-7, 0, -7, 0
-7, 0, -7, 0
-7, 0, -7, 0
-7, 0, -7, 0
-7, 0, -7, 0
-7, 0, -7, 0
-7, -2, -7, -2
-7, 1, -7, 1
-7, 0, -7, 0
-7, 0, -7, 0
-7, -2, -7, -2
-7, -1, -7, -1
-9, 1, -9, 1
-7, 0, -7, 0
-8, -2, -8, -2
-7, -1, -7, -1
-8, 1, -8, 1
-1, 0, -1, 0
-1, 0, -1, 0
-1, 0, -1, 0
-3, -2, -3, -2
-7, -1, -7, -1
-21, 1, -21, 1
-7, 0, -7, 0
-7, 0, -7, 0
-7, 0, -7, 0
-9, 0, -9, 0
-7, 0, -7, 0
-8, 0, -8, 0
-8, 0, -8, 0
-7, 0, -7, 0
-7, -2, -7, -2
-7, 1, -7, 1
-7, 0, -7, 0
-8, 0, -8, 0
-7, -2, -7, -2
-7, 1, -7, 1
-7, 0, -7, 0
-7, 0, -7, 0
-7, 0, -7, 0
-7, 0, -7, 0
-1, -2, -1, -2
-1, 1, -1, 1
-1, -2, -1, -2
-1, 1, -1, 1
-1, 0, -1, 0
-7, 0, -7, 0
-8, 0, -8, 0
-7, 0, -7, 0
-7, -2, -7, -2
-7, -1, -7, -1
-7, 1, -7, 1
-7, 0, -7, 0
-7, 0, -7, 0
-8, 0, -8, 0
-7, -2, -7, -2
-7, -1, -7, -1
-7, -1, -7, -1
-7, -1, -7, -1
-7, -1, -7, -1
-7, 1, -7, 1
-8, 0, -8, 0
-7, -2, -7, -2
-7, -1, -7, -1
-7, 1, -7, 1
-8, 0, -8, 0
-1, -2, -1, -2
-1, -2, -1, -2
-1, -2, -1, -2
-7, 1, -7, 1
-7, 0, -7, 0
-7, -2, -7, -2
-7, -1, -7, -1
-7, 1, -7, 1
-7, 0, -7, 0
-7, 0, -7, 0
-7, 0, -7, 0
-7, -2, -7, -2
-7, 1, -7, 1
-7, -2, -7, -2
-7, 1, -7, 1
-7, -2, -7, -2
-7, 1, -7, 1
-7, -2, -7, -2
-7, -1, -7, -1
-7, 1, -7, 1
-7, -2, -7, -2
-7, 1, -7, 1
-7, -2, -7, -2
-4, -2, -4, -2
-7, -2, -7, -2
1, 1, 1, 1
-7, 1, -7, 1
-7, 0, -7, 0
-7, 0, -7, 0
-7, 0, -7, 0
-7, 0, -7, 0
-7, 0, -7, 0
-7, 0, -7, 0
-8, -2, -8, -2
-7, 1, -7, 1
-7, -2, -7, -2
-7, -1, -7, -1
-7, -1, -7, -1
-7, 1, -7, 1
-7, -2, -7, -2
-7, 1, -7, 1
-7, 0, -7, 0
-7, -2, -7, -2
-7, 1, -7, 1
-7, 0, -7, 0
-7, -2, -7, -2
-3, -1, -3, -1
-29, 1, -29, 1
2, -2, 2, -2
-5, 1, -5, 1
-7, 0, -7, 0
-7, 0, -7, 0
-7, -2, -7, -2
-7, -1, -7, -1
-7, 1, -7, 1
13, -2, 13, -2
-8, 1, -8, 1
-7, -2, -7, -2
-7, 1, -7, 1
-7, -2, -7, -2
-7, 1, -7, 1
-7, -2, -7, -2
-7, 1, -7, 1
-7, 0, -7, 0
-9, 0, -9, 0
-9, 0, -9, 0
-7, 0, -7, 0
-7, -2, -7, -2
-7, -2, -7, -2
-4, 1, -4, 1
1, -2, 1, -2
3, 1, 3, 1
3, -2, 3, -2
-7, -2, -7, -2
-7, -2, -7, -2
-7, -2, -7, -2
-7, 1, -7, 1
-7, 0, -7, 0
-7, 0, -7, 0
-7, -2, -7, -2
-7, -1, -7, -1
-7, 1, -7, 1
-8, 0, -8, 0
-7, -2, -7, -2
-7, 1, -7, 1
-6, -2, -6, -2
-7, -1, -7, -1
5, -1, 5, -1
4, -2, 4, -2
-4, 1, -4, 1
-7, 1, -7, 1
-7, -2, -7, -2
-7, -1, -7, -1
-7, -1, -7, -1
-7, 1, -7, 1
1, -2, 1, -2
-7, 1, -7, 1
-7, -2, -7, -2
-7, 1, -7, 1
-7, -2, -7, -2
-8, 1, -8, 1
-9, 0, -9, 0
-7, 0, -7, 0
-7, 0, -7, 0
-7, 0, -7, 0
-7, 0, -7, 0
-7, 0, -7, 0
-8, 0, -8, 0
-7, -2, -7, -2
-8, 1, -8, 1
-7, 0, -7, 0
-7, -2, -7, -2
-7, 1, -7, 1
-7, 0, -7, 0
-7, -2, -7, -2
-7, 1, -7, 1
-8, 0, -8, 0
-7, 0, -7, 0
-7, 0, -7, 0
-7, -2, -7, -2
-8, 1, -8, 1
-7, 0, -7, 0
-8, 0, -8, 0
-7, 0, -7, 0
-7, 0, -7, 0
-7, -2, -7, -2
-7, -1, -7, -1
-7, 1, -7, 1
-7, 0, -7, 0
-7, 0, -7, 0
-7, 0, -7, 0
-7, 0, -7, 0
-7, -2, -7, -2
-8, 1, -8, 1
-7, -2, -7, -2
-7, -1, -7, -1
-7, 1, -7, 1
-7, 0, -7, 0
-8, -2, -8, -2
-7, -1, -7, -1
-7, 1, -7, 1
-7, -2, -7, -2
-7, 1, -7, 1
-7, -2, -7, -2
-7, -1, -7, -1
-7, 0, -7, 0
-7, 0, -7, 0
-7, 0, -7, 0
-7, -2, -7, -2
-7, 1, -7, 1
-7, -2, -7, -2
-7, 0, -7, 0
-8, -2, -8, -2
-7, -1, -7, -1
-7, -1, -7, -1
-7, 1, -7, 1
-7, 0, -7, 0
-7, -2, -7, -2
-7, -1, -7, -1
-7, 1, -7, 1
-7, -2, -7, -2
-7, -1, -7, -1
-7, -1, -7, -1
-7, 1, -7, 1
-7, 0, -7, 0
-8, 0, -8, 0
-8, 0, -8, 0
-7, 0, -7, 0
-7, 0, -7, 0
-7, 0, -7, 0
-7, -2, -7, -2
-7, -1, -7, -1
-8, 1, -8, 1
-7, 0, -7, 0
-7, -2, -7, -2
-7, 1, -7, 1
-7, 0, -7, 0
-7, -2, -7, -2
-7, 1, -7, 1
-7, -2, -7, -2
-7, -1, -7, -1
-7, -1, -7, -1
-7, -1, -7, -1
-7, 1, -7, 1
-7, -2, -7, -2
