0
0
0
0
0
0
0
0
0
0
0
0
0
0
0
0
0
0
0
0
0
0
0
0
760590
777335
604420
788930
808790
812820
806795
884810
824250
776800
896090
507335
557790
463650
387050
380180
178625
192530
41330
-54610
-122150
-280955
-363930
-288380
-299950
-476560
-307605
-462540
-296480
-262680
-428170
-240585
-110500
46410
143380
199020
314535
340790
461150
529920
657020
636555
838550
768640
769460
1003470
757655
620860
622060
565600
559440
432445
355080
211750
84600
-1160
-267745
-306860
-464770
-585610
-785880
-723425
-749440
-988350
-1084950
-1226160
-1086785
-1052620
-1085250
-1083740
-1191470
-963345
-1010840
-987490
-944080
-1002510
-771405
-470170
-657350
-563810
-278450
-181045
-413290
-270060
-173240
-132580
141825
84720
319820
394270
433630
296455
283260
566410
651940
656360
561085
829990
852800
871210
1060040
761395
732850
870840
868100
916060
845405
681770
738980
651730
592060
338895
300160
293830
225400
145870
4585
-35080
-110470
-180920
-264580
-401815
-270620
-259020
-255430
-297490
-254905
-341730
-150490
-103190
-203630
25325
67700
232010
313500
380760
439485
424650
546940
608410
723920
638035
796900
671890
633160
812920
442915
460320
344750
260630
248930
110245
-38280
-239540
-391360
-570350
-638335
-704180
-925480
-1024290
-1213600
-1052425
-1147060
-1326150
-1327010
-1467290
-1320385
-1127060
-1298070
-1241460
-1252660
-959665
-914030
-997040
-929970
-894310
-348095
-478960
-449890
-335980
-206070
-22995
-46820
126520
266650
398140
419305
546490
636320
673580
812160
650255
681080
874040
892020
925270
898025
813510
917160
895410
910100
708345
725590
722300
678960
700310
431775
437280
323110
220720
171930
-23865
8920
-109810
-186560
-252890
-299885
-447040
-356010
-365150
-553120
-393795
-397460
-259550
-204320
-269340
-156845
-56910
91370
179400
256960
311725
397030
527020
592330
723640
690065
717000
767030
772880
901280
779605
669860
605430
515160
524530
268655
276530
43990
-100190
-172790
-421505
-436050
-781410
-933480
-1081710
-1064145
-1084410
-1378030
-1434710
-1560300
-1317995
-1462480
-1547990
-1549380
-1785770
-1282675
-1235190
-1316540
-1230600
-1256280
-814155
-681400
-797060
-650650
-395690
-229795
-92950
-13540
153360
419640
502045
413600
698990
784040
819670
872545
770580
1105310
1151000
1141930
1054345
1082090
1170050
1147920
1260110
876865
1005350
958970
888340
975940
599355
561570
483360
359340
267380
95775
-19220
-72730
-171200
-354040
-334195
-479900
-443810
-454660
-625580
-532945
-437050
-402440
-344240
-353210
-310365
-153770
-35000
67650
147490
307105
323720
504680
595470
700540
758775
727320
875890
915510
1021820
915975
896060
835950
758170
818800
500255
539070
291460
127930
88160
-179715
-225730
-629730
-828740
-985360
-1002345
-1099570
-1462070
-1576660
-1750980
-1523795
-1693880
-1815400
-1849270
-2162480
-1725665
-1621010
-1743820
-1656960
-1717710
-1243345
-995950
-1189380
-1030780
-744440
-444465
-423190
-289720
-91440
142110
413205
297190
627260
751740
820750
888535
817260
1121780
1196780
1279930
1127885
1243270
1300800
1283390
1450700
992225
1062880
1091620
1027370
1069310
749545
672400
641220
509670
384630
190155
47360
42360
-42410
-224320
-196085
-286200
-297890
-335810
-471640
-498745
-388920
-320180
-262570
-284200
-197995
-74450
31720
119480
195610
293275
299890
551220
665510
754090
837865
805890
969970
1000680
1098320
907755
957580
945320
893030
979220
686965
688160
469290
312590
296520
1315
-44880
-372570
-568230
-735710
-826815
-927530
-1285750
-1449960
-1689890
-1514685
-1595640
-1808240
-1850740
-2068680
-1780345
-1742650
-1893020
-1845090
-1951140
-1479255
-1298060
-1471000
-1335280
-1173370
-679215
-791790
-709660
-533670
-371950
-70845
-16950
192450
361190
556240
499105
574220
740990
819980
958270
854135
904320
1034370
1055690
1157410
1017475
860920
958440
902160
883010
654255
643360
693050
617860
563740
288055
268110
257470
178350
86730
-70925
2770
41550
28080
-28660
-10205
-116130
60980
90540
2440
130685
173190
386340
459430
499460
488485
520320
703730
773720
875060
785105
908950
975720
993330
1155330
885995
856810
858880
792340
803960
578485
554680
411150
275160
208870
-22275
-120930
-328270
-474890
-643060
-666675
-707370
-955540
-1070370
-1250440
-1197055
-1213360
-1401230
-1418870
-1564320
-1211165
-1151880
-1307160
-1260940
-1273680
-961415
-981150
-995480
-896180
-879020
-547735
-392910
-485640
-390480
-186910
-83905
-131810
-105460
-34160
82260
229645
177910
256320
278020
310650
275125
190010
262710
264970
247850
162165
302750
261160
256610
335140
165335
140040
176830
168840
136950
146755
118880
210020
217090
168750
185435
107750
204120
225950
201050
210595
274270
379290
424580
482530
396455
405730
575530
616450
651090
570885
631300
827540
863740
923780
809265
766530
933400
933080
950100
808495
838880
893780
842310
872620
650225
627560
548240
451120
447430
234925
209920
82930
-5400
-107430
-226835
-312470
-412440
-474210
-666250
-586365
-548000
-725390
-757770
-856880
-776745
-811760
-884200
-877490
-1006890
-659145
-612220
-774650
-730270
-645700
-461905
-419860
-533180
-490700
-392780
-325415
-234720
-349980
-344490
-264610
-198725
-197370
-255240
-248230
-196800
-55685
-206520
-169440
-146510
-188120
-45565
-38630
-53510
-19940
-13170
-13615
8630
55840
82650
93150
123985
198380
245190
271870
346520
289875
284710
363360
383190
416910
427995
378460
445040
440980
470310
356155
331030
409200
388310
392530
241885
294040
373540
362380
343620
288895
204840
341830
360840
284390
293575
312540
361640
377580
417630
274215
429930
392250
390580
532140
279875
283280
376160
349590
355180
220375
157840
289890
251340
143560
159205
32540
142630
116110
11050
90605
78610
21680
-18070
2210
-107775
4930
-100690
-107170
-40830
-128895
-131190
-131860
-142500
-184380
-130815
-158320
-114450
-116130
-148880
-107475
-84490
-134340
-157060
-162030
-111235
-83160
-189100
-198380
-184820
-103115
-185510
-292260
-325320
-344780
-274305
-312670
-401840
-408680
-452570
-428175
-420170
-494340
-499430
-522390
-442865
-417740
-454860
-430440
-456550
-368715
-339520
-329710
-284460
-277650
-129685
-120710
-98100
-43370
25130
99655
132050
181480
225420
301660
338165
280800
394770
427230
407120
411425
487750
489720
472740
556740
492325
567880
434820
408750
577840
395955
314090
309160
263930
254200
165605
-21200
136280
109140
-60070
-82865
29040
34200
12450
-260
-104405
31400
30050
43190
115400
109665
-4060
100480
103940
87880
79185
33590
160950
221000
170410
128435
69110
186290
226190
152220
31265
208910
171120
165210
272810
-39115
-105860
46510
26230
-98260
-177415
-180960
-104070
-95300
-199420
-111165
-84000
-175350
-248130
-121750
-227245
-355540
-277390
-301840
-422040
-524835
-281880
-320540
-290280
-284710
-97085
-264210
-275590
-254740
-238860
-145605
-247100
-147650
-139290
-163920
-236025
-119660
-73420
8560
-55070
-5235
141120
87750
78810
211780
225915
26320
115920
72130
27720
95375
224470
71130
44670
153120
109865
111320
-39370
-40080
26430
7525
-155190
-81770
-123530
-214300
-229455
-170280
-137150
-102700
-164890
-163585
-59410
-92660
-39550
-18390
19015
-87370
3180
40290
22940
10125
28360
52930
72530
118100
-54815
5730
42430
49750
66440
-18935
-115640
-2690
-41820
-92820
-243205
-119280
-82140
-108270
-154780
-211005
-181870
-147340
-151190
-222980
52095
-100080
-142280
-168960
-142110
6675
51840
-117600
-115610
26270
-5905
-36270
-99940
-61110
-95270
-70615
-48830
-47740
-22920
-57690
31685
-6800
8590
-3300
590
18585
117300
81730
87830
136790
45005
35910
145480
169470
92330
237265
246300
225140
202750
297950
246535
298580
220200
203550
320100
142865
55530
145630
145900
34290
28735
58610
76650
58390
66940
-2265
-84150
-590
-2240
-74650
-95485
-60570
760
32030
8150
63615
-36770
60450
85150
46700
9475
135470
129540
126900
160890
147685
196600
114760
112230
159340
179635
100660
47750
-15330
-27520
-2525
46520
-92840
-153540
-125140
-160985
-200780
-251150
-302650
-377640
-331765
-219070
-324880
-332290
-329830
-118235
-195360
-326040
-340490
-258340
-197205
-278120
-276810
-257520
-323390
-281955
-204090
-280390
-234370
-216790
-116895
-134160
-178490
-202580
-101730
-79135
-172470
-142750
-105690
-97740
-330165
-220030
-67970
-190
-98290
14995
-27610
66780
87890
153300
140135
85170
212990
187400
241400
-51605
67530
209520
251050
171990
171955
243100
210830
197510
280160
238685
83360
173620
113730
72770
55725
93440
104710
88760
99420
24065
99790
85480
104520
142480
47195
-28170
127280
137850
25220
139895
63680
142790
138590
127720
123345
161670
135750
139980
191910
102685
184250
59030
74220
139640
-14315
-28480
-37150
-31030
-134420
-119285
-125110
-102460
-113620
-199180
12465
-13810
-78810
-122800
-58130
-53235
-74170
-83500
-79940
-118210
-98055
-74210
-49630
-57810
-93900
96435
105450
-27800
-42910
117470
51585
1830
-31420
-490
-11100
-67005
-42480
-27410
20770
-29270
-6395
37210
38790
52380
59620
29595
30000
81580
103250
23940
95765
58410
121330
104360
39780
246265
232820
135000
56170
189160
99005
87280
25210
-490
-57970
-34035
76960
-64500
-68850
-70300
177245
46820
-82940
-119240
-44800
-32055
57840
-74860
-88080
-11250
-114835
17140
-71130
-25070
-62850
81125
-62660
-5110
-16030
-58970
66405
-28800
21030
-26990
-38640
-8425
75710
-61040
-59970
34300
-153915
-172110
-130040
-106640
-224580
16185
-14490
-133710
-112150
-3600
-155225
-192180
-107780
-81490
-174150
-101765
48210
-57880
1180
97750
6735
-13150
42150
60790
60160
85925
-4740
133150
153910
71520
76205
42170
173340
199690
141900
148455
176330
264900
265040
282850
280905
228620
308360
294180
325030
87195
222080
316610
334690
299710
274155
351780
310540
254400
440040
312295
260430
232820
174250
224680
-19805
-11120
86700
65120
-75780
39175
-64600
-50760
-56880
-124220
-102525
-72850
-122680
-140050
-129800
-204395
-209740
-193010
-180000
-238220
-223795
-219420
-159460
-194550
-170100
-190965
-182000
-200200
-153940
-173730
-203755
-343050
-172250
-192440
-317630
-44985
-13040
-183110
-201210
6340
-272245
-55230
-196240
-150110
-70840
-174835
-210690
-154870
-113040
-235270
80455
-3350
-44250
-52720
26300
-55955
-44330
38090
63940
-3210
166445
147930
128820
157990
199590
184725
152180
238240
222970
219130
264225
239100
293780
325450
354010
197905
295910
350470
376510
411480
273465
267290
403340
402920
362690
326265
304340
409280
397850
382500
266385
308570
344750
348350
364870
273335
244070
244560
209470
241230
170595
190690
107070
70680
133810
-58515
-61700
-50690
-59250
-149080
-51125
-79750
-156660
-161720
-162840
-118155
-177010
-172780
-185630
-247000
-170245
-206130
-187300
-160030
-243230
-176165
-125830
-160230
-171070
-156420
-141585
-119040
-161970
-152420
-133910
-155015
-115130
-132650
-160840
-120320
-131485
-76840
-165600
-154540
-87380
-185935
-178390
-147710
-157790
-186200
2435
-127250
-94950
-79040
-95410
-85075
-58770
-10760
-1890
7890
28715
7730
76240
114740
77550
143235
125030
193910
192360
211040
213875
244880
296120
294440
340850
311295
345470
364070
349200
431240
228015
293200
362700
352750
326810
246695
231780
312410
290750
262960
262375
187330
208700
174700
201960
-715
-5100
65480
50640
-32520
-164695
-127520
-114540
-129120
-177100
-215435
-228900
-222730
-244660
-260150
-288535
-297300
-296620
-295840
-302920
-302555
-313600
-275920
-252730
-304080
-293665
-256240
-253990
-244280
-224720
-174705
-148730
-195780
-186640
-128310
-107035
-140120
-155390
-156290
-138780
-101195
-125160
-136230
-133160
-139480
-166285
-149550
-167000
-170710
-166320
-105825
-86550
-153420
-145720
-111950
-131805
-179020
-127830
-113830
-179140
-70435
-72450
-58150
-28190
-6040
-29235
17890
8770
27550
82450
37185
80130
115370
135870
131270
248785
127310
192120
183230
160790
164145
210160
213460
220160
269680
188255
242630
199920
196220
222410
209725
147900
163340
146380
104580
161995
154960
94210
64590
98030
-20455
-10550
10840
15910
-39080
-43065
-32550
-34000
-53420
-76320
-116885
-76460
-89720
-96230
-82290
-64585
-86430
-73780
-67420
-79230
-83885
-114980
-78410
-64580
-98360
-114425
-53690
-112800
-120970
-76630
-72565
-82510
-161170
-174070
-150790
-111565
-177880
-193040
-207860
-273360
-225355
-252140
-270900
-276750
-323790
-287475
-227020
-303050
-290370
-256830
-213065
-203570
-241190
-233000
-228930
-149065
-167620
-137190
-110070
-122970
-100035
-88510
-41750
-8610
-750
27165
67370
75650
104100
177130
198945
147690
183560
179690
184510
176695
147030
231100
246620
230920
192515
207510
237140
237280
245820
165435
241410
215970
206680
261440
182495
150730
175930
148670
113050
81325
56620
83110
73870
48820
5115
26310
910
-23690
-22590
-59655
-79210
-76990
-97460
-126340
-84425
-100610
-118870
-124390
-132720
-116925
-105550
-129250
-132690
-134000
-83285
-89690
-127460
-131470
-134820
-76815
-68800
-128610
-129110
-115070
-64975
-78440
-126660
-129330
-146700
-118065
-97470
-170010
-188320
-193700
-153835
-140540
-213680
-217720
-214860
-176515
-206130
-228340
-228010
-254130
-202985
-189570
-208240
-193160
-187180
-157815
-171970
-166150
-143990
-137920
-102115
-74980
-60970
-22940
2390
37625
14750
64760
85800
105240
85325
93390
165070
185150
203330
166325
190830
245810
254740
279050
229575
212340
276970
277620
283690
233555
238180
282910
272570
289660
179105
164310
204390
194920
176210
92385
136790
128480
116060
120920
76425
27250
34590
18180
-21430
-26125
-21460
-44200
-57980
-65230
-83405
-75850
-118410
-135960
-150220
-107955
-134360
-173160
-189740
-226670
-168635
-173980
-242330
-262240
-287140
-239375
-194070
-334900
-359450
-328080
-326445
-309000
-421180
-434430
-439370
-371725
-415050
-469470
-474620
-523560
-414365
-432400
-463660
-449740
-479620
-341375
-322040
-378030
-345340
-293410
-229935
-216520
-197590
-154160
-119040
-40945
-54400
22660
64980
92770
123615
128350
224390
262490
309300
266935
293280
388440
413570
457860
382225
374780
479700
476680
491780
399825
395660
477190
475650
488600
355995
350560
423330
404200
386260
294475
295300
327260
305870
293770
194835
184510
222040
196180
170910
118915
124060
130590
116150
99280
35665
31620
38440
16960
-21330
-21325
-16160
-61850
-83420
-98120
-123205
-117420
-202540
-237840
-254470
-255975
-248340
-382810
-414310
-426870
-402185
-434530
-532690
-552290
-600450
-514985
-536950
-622110
-631580
-681520
-592025
-545340
-631360
-612440
-605590
-438975
-450980
-483220
-431170
-391550
-262595
-287960
-202560
-144960
-137860
-22645
9210
56340
101550
166620
189175
230100
260000
288640
380640
332935
312020
371030
381430
421230
324295
304550
378860
367410
345500
257975
246930
302440
292200
263420
211605
207590
269100
270950
263500
222745
213820
316270
332140
325120
285685
305040
409240
422310
430220
387775
421170
476120
486160
534060
451625
439030
486000
479610
503740
392075
390750
401580
365840
363240
235535
219570
197680
154360
109460
7365
-890
-46260
-100700
-184350
-188855
-189730
-309510
-364750
-404440
-377475
-376750
-522860
-555070
-579950
-507385
-524570
-616210
-617640
-663500
-513045
-527940
-603630
-599270
-629460
-495075
-451450
-521770
-485490
-447830
-281125
-288170
-272750
-202250
-135680
-52085
-65910
54270
108640
116730
146775
203860
265030
299530
356690
368355
369060
393080
412530
503630
411645
370480
449280
445160
448140
327995
326010
357690
324100
290640
183665
180230
210530
188980
159530
122275
105010
162150
162170
146910
101505
104880
219800
237200
212150
202785
223750
321300
344470
356700
322555
365780
418380
431280
498600
419555
410740
448670
442670
477540
356465
325830
349470
314560
281140
184315
182820
130630
78560
36690
-28915
-55970
-149210
-209340
-282590
-303685
-288150
-451670
-513770
-582930
-511195
-506110
-722010
-758020
-779850
-666685
-693660
-845410
-853740
-903440
-772945
-755060
-878910
-872300
-919250
-688685
-665470
-794010
-762450
-725710
-518435
-556870
-547540
-473450
-430770
-260515
-239270
-158910
-82640
-15990
40055
73110
193360
250230
303090
354265
368510
463700
502400
595050
539795
519560
602760
623260
700860
547065
534850
619610
606250
608060
441245
412270
507850
477240
413170
307235
308420
371510
349770
318290
226045
232040
301410
302690
291000
235325
233280
320420
319250
301700
247915
272740
309280
301780
313200
248665
272280
251270
234390
268270
188175
163080
137250
109360
89300
23615
13850
-47330
-93990
-153370
-181915
-177620
-306740
-358890
-412100
-393145
-383340
-573410
-621630
-658720
-570325
-593570
-769540
-799140
-841040
-700765
-737220
-877200
-894340
-962770
-800335
-758070
-922470
-919750
-926690
-702415
-694130
-840800
-806690
-754310
-554635
-588460
-592150
-530610
-506130
-325065
-314240
-257030
-182210
-136990
-31055
4300
109610
183540
254720
312715
331070
449130
502550
581720
560215
557980
652840
677080
763190
630115
611990
717010
716580
743480
562885
541410
652870
626430
590140
431855
439050
509500
471420
427760
306065
298650
352690
333460
305400
228535
235450
276910
263480
243650
186625
183170
209870
196630
183520
141925
158690
145500
129250
138620
84275
87090
69810
56000
51290
16595
-130
-29230
-62100
-111060
-117005
-104700
-221030
-270600
-303050
-293945
-287560
-490090
-541990
-553760
-500485
-529260
-708810
-749940
-801760
-703485
-751200
-897660
-931120
-1039990
-876355
-816110
-1026200
-1030310
-1034260
-807185
-806780
-957150
-915750
-868570
-635395
-688950
-650430
-574620
-579070
-373395
-340610
-255650
-161900
-110430
33695
86680
189030
283530
416440
433005
448430
600800
656420
743710
690925
676160
793540
807460
878440
720985
701160
785260
766030
800690
568845
547930
632350
591870
545130
367215
367380
419200
368890
298880
201935
192120
218560
190790
142600
95775
103410
108460
97210
86070
53655
71240
75620
69850
72040
55795
47130
72170
65180
44640
41865
47510
51230
44450
32760
34905
33470
-8440
-25540
-26290
-45755
-37160
-140550
-179960
-202090
-220155
-215470
-399730
-446260
-452250
-399125
-429550
-604500
-640420
-666980
-619295
-679080
-772420
-803920
-936770
-780035
-698780
-873810
-874580
-870210
-669585
-670980
-783610
-733870
-668690
-485305
-519660
-432740
-356540
-363340
-163615
-168090
-43060
35330
79330
178085
228600
360800
450960
584530
539505
576980
723350
768770
869000
748155
738050
860950
857920
908010
738475
702230
789760
763440
776590
561515
525390
611450
575800
521200
323635
339710
393380
344180
261090
171025
180720
196980
171700
127000
102905
90450
103160
93790
75280
56665
70320
84440
93040
108220
89775
78640
124360
128790
118190
73465
92610
126400
120810
95360
109935
128730
63480
40580
73540
30195
5500
-82850
-129190
-154730
-218505
-191460
-390420
-453400
-468010
-457405
-466810
-683350
-743490
-780700
-701615
-807990
-901550
-937890
-1105020
-881285
-831260
-994330
-984090
-1003600
-761725
-732670
-852160
-781500
-690240
-478225
-482680
-408660
-320170
-295120
-90985
-103350
48180
140120
188290
310795
352630
479290
564000
719980
622525
665300
805940
841090
946650
769625
758810
881190
859730
880000
683065
646810
727570
683970
669070
464565
423650
502900
466820
410280
234525
240660
312680
283030
201530
113575
130760
190650
177620
123220
146815
145110
169680
177890
188270
176785
179050
211020
225920
259490
231845
228320
278500
291330
319220
234345
239050
307180
295100
267460
189485
226410
207960
175120
158660
131435
128230
-1320
-63500
-57340
-140075
-148920
-359400
-426550
-430330
-439255
-464200
-669580
-737650
-827470
-748395
-859170
-965120
-1008970
-1205320
-952015
-855010
-1073370
-1059360
-1033120
-798165
-804040
-888190
-808300
-743110
-512665
-515060
-398370
-304810
-300960
-93825
-59850
51670
142450
245910
330425
366520
495630
578670
743400
642065
645770
810900
838190
901410
722305
724630
818280
784770
790670
600315
572340
586340
537110
535030
359135
298710
350100
319640
274000
124415
97370
227960
216050
100940
60075
92560
214650
227730
173330
201345
259230
307010
333210
400970
386915
400930
449880
475930
573460
503145
461320
549310
552230
579710
423665
419020
502520
469310
413360
287665
308190
279810
213540
152370
89025
108990
-87480
-178260
-199640
-281265
-280860
-603240
-709410
-747550
-693925
-769810
-1024800
-1073890
-1140740
-993895
-1126470
-1137690
-1153990
-1392150
-1207965
-1062660
-1172500
-1142310
-1191920
-830235
-677970
-831800
-707590
-432450
-196445
-400330
-78310
74510
89330
203665
294170
547900
619870
660340
638695
753460
744850
777520
1006230
823225
782440
832130
819170
910000
639275
565720
590930
504170
403260
208595
153370
107900
29130
-77540
-163435
-203130
-176090
-184530
-269470
-254085
-255870
-91350
-42950
-124500
-39465
42490
208500
275050
298620
401395
483340
552590
612950
784480
756845
738940
787460
802380
936890
759345
711840
746670
699710
697570
481805
446240
418380
326930
231910
54545
52010
-16340
-97050
-217220
-260915
-254000
-364020
-419610
-505600
-482775
-467400
-625640
-685070
-772820
-669755
-635230
-891450
-929120
-922370
-759235
-783300
-988860
-974390
-929460
-835815
-894280
-928760
-914820
-1030710
-805675
-759580
-831860
-794150
-802720
-480305
-500100
-502560
-381530
-235460
-83385
-109050
125890
252240
305500
367865
457680
626790
681610
744990
738555
801990
791140
790380
944550
797255
759950
677740
617970
700770
485805
390150
316320
227690
172050
-45345
-116320
-65800
-122930
-311290
-344355
-336410
-202170
-193060
-346290
-228965
-151880
-1670
73790
88510
229945
303420
447040
545560
705260
712685
722580
857460
900560
1038100
855995
860390
904820
860460
909020
654865
635690
549810
453440
446980
205095
124090
73800
-6290
-115010
-232375
-306790
-263490
-308730
-504220
-483825
-433670
-457140
-490290
-636580
-526155
-388910
-684180
-735280
-692130
-493435
-477210
-859550
-873340
-692010
-558645
-772250
-845930
-840870
-922910
-893555
-891650
-863740
-878440
-1103320
-871705
-711610
-873530
-839850
-770390
-463295
-505820
-456040
-309250
-127500
35875
-25720
313880
455490
496700
477745
572970
795940
826470
847390
739295
892800
755600
710530
905680
731815
653730
455700
399110
564740
294055
41440
156050
95690
-119560
-287245
-341590
-150340
-196620
-529170
-446295
-280650
-250310
-211530
-218510
-2775
68930
157630
284760
490280
564685
543920
758410
833220
932710
816705
880830
900980
857170
920390
745135
749020
552480
461530
565490
362575
203690
175090
121600
61320
-115865
-235580
-11270
-40100
-327440
-367895
-239140
-129110
-154840
-344130
-200265
6860
-242210
-268950
-121060
-24215
-19770
-414840
-470110
-257490
-280125
-454340
-664390
-729020
-767400
-820425
-985870
-979170
-1045070
-1364090
-1311625
-1156060
-1257190
-1270280
-1431630
-1100895
-985840
-1121130
-1009260
-838910
-438245
-584450
-318610
-103290
36940
179535
176240
582290
714140
717700
681935
917880
916960
922880
1115240
979485
1017700
770190
720730
1004240
726405
502400
444360
365640
331750
37215
-152810
-22170
-123700
-487820
-542045
-472710
-431600
-462810
-674790
-446655
-323340
-303530
-203250
-82510
113065
127070
339820
458210
566330
608115
688990
769550
779750
867770
829695
882400
672040
620670
849260
648725
485330
445640
401940
425090
147465
6130
244320
190380
-119860
-210225
-109900
19510
-13710
-213750
-100835
44690
-7950
18930
129450
197125
212830
115380
109600
221630
141465
137190
-146370
-269010
-264230
-381835
-414380
-813280
-916470
-904450
-923065
-1103010
-1183610
-1189600
-1372580
-1315955
-1367200
-1208650
-1194360
-1570020
-1139465
-910740
-1070300
-983400
-863140
-324855
-346220
-346740
-116830
294460
452795
312430
760470
917040
948120
794315
1013400
1114000
1057380
1058780
952485
1099930
701780
608160
927110
754615
441690
367640
313730
332900
36305
-194830
70740
-25220
-490710
-588145
-379100
-393550
-465800
-685000
-461385
-285950
-410130
-320990
-92320
92225
-2410
225070
350200
448940
408685
436420
621610
620300
568740
521345
637990
440630
396450
593570
481115
331430
329970
341330
439720
173825
1930
374470
364840
59450
-68225
98130
244390
224400
91120
163045
285510
244560
290320
481240
482125
392420
451310
460520
512570
349455
377160
193930
63840
11590
-152245
-106090
-604480
-764920
-720600
-717805
-937270
-1103830
-1137160
-1253380
-1159535
-1355900
-1090100
-1083160
-1524030
-1290935
-959090
-1023240
-982200
-1019020
-569775
-359160
-580950
-408750
80310
344455
76030
449880
653510
809250
653135
642270
1035930
1031530
852330
692815
966890
679460
585360
799510
649375
520900
308940
281020
497490
180165
-102290
159520
110640
-225250
-411355
-321440
-229820
-312460
-624710
-438145
-288880
-443150
-400940
-251950
-8495
-102480
29700
162030
309200
324875
318400
549490
587120
536000
507025
678380
558270
522330
666880
642335
574300
489810
495620
674930
487485
297280
542440
528290
349630
167355
249980
385170
330530
158360
183365
282420
275670
295110
399760
390815
332160
510870
552390
570680
406425
480540
484780
395920
319010
187365
310880
-108790
-253340
-148500
-247995
-417470
-751430
-815460
-782510
-854285
-1067680
-978560
-993840
-1313580
-1168465
-1169720
-1063170
-1077030
-1437090
-1010795
-737550
-978140
-896560
-683740
-241375
-218470
-334250
-150060
283580
292945
136410
505760
591180
535580
402385
549890
620740
551450
485390
451175
525530
255790
200140
435090
283485
60510
114190
95820
50140
-179625
-247290
-73630
-137010
-439740
-503025
-327250
-386550
-407610
-454680
-289655
-292660
-268590
-162370
-15520
86575
-21570
283880
390870
373670
375725
454150
592140
615260
638910
609975
723100
601560
609550
850230
684995
571590
629710
633380
684010
461215
353840
549560
511830
327270
236265
288670
365720
354960
305510
310775
306980
443920
480450
495480
447515
497290
569140
534080
499530
395595
548350
240600
121640
219260
133135
74370
-367650
-500140
-429250
-561015
-778880
-910830
-987580
-1201520
-1156495
-1203150
-1208260
-1231230
-1541270
-1378045
-1227610
-1301970
-1289590
-1445390
-887895
-744990
-1046350
-931630
-617940
-225675
-396990
-331090
-168800
48580
118125
66620
311420
363240
261390
229675
445240
294340
231220
300680
336065
346670
61780
37580
250200
198855
-45590
-870
-26910
-125610
-261715
-283710
-165610
-217990
-474470
-435875
-286790
-333120
-331440
-327370
-215465
-178360
-84900
11030
128740
205465
166040
424360
515290
560520
490735
541400
707970
728350
768900
674325
704930
721340
724860
867010
696415
588210
722040
728090
757780
483155
429880
685280
671140
517910
368095
430410
588780
587360
538610
488075
510910
626700
643860
683490
574505
587080
597410
546690
540610
399815
466860
173500
40360
82000
-69995
-128510
-540950
-696640
-723680
-803765
-946270
-1137570
-1217630
-1423610
-1315595
-1388000
-1382070
-1392970
-1706320
-1438895
-1259390
-1387580
-1344000
-1421100
-929395
-781350
-1059890
-933890
-611970
-211425
-394030
-315690
-140730
69950
99605
44090
309690
353980
241480
245055
448860
269620
215590
321610
313905
317790
44710
9960
224490
148685
-72050
-19170
-38230
-138740
-232915
-294410
-131670
-180610
-459630
-388945
-231360
-268280
-263090
-270360
-84585
-20750
-2180
94120
294040
345365
269720
561910
657980
691980
597445
652660
876970
890030
884100
771835
844540
846620
837430
986310
791205
692120
804080
805950
866420
575855
496030
755510
738150
596620
384665
426980
623650
602440
491120
402095
464370
523440
511190
525430
430925
469160
373610
313300
361610
244015
230860
-37960
-153050
-153940
-278285
-350200
-710670
-860130
-960620
-956375
-1040350
-1288230
-1367250
-1548260
-1344545
-1435830
-1494850
-1510070
-1759340
-1514025
-1309400
-1465400
-1424010
-1460520
-1033165
-889780
-1141980
-1026750
-731510
-408595
-586640
-429590
-260700
-131450
-16835
-61810
191960
264560
208070
223775
377030
289610
276720
377500
411595
419980
185500
175070
393390
288375
126040
135180
120420
82300
-15755
-105520
49610
18030
-217690
-190825
-96890
-41930
-45150
-124710
21905
128600
140420
214270
388190
448225
399560
628380
717480
823230
709105
714570
1010130
1042750
1037900
861015
940470
1058320
1041150
1120580
884295
867950
941240
919550
994070
700045
621280
784080
751180
679670
453335
413790
562780
516760
379350
221915
260700
299180
253550
166340
133625
186350
70940
30600
67390
36615
5970
-139030
-197440
-206140
-282755
-289340
-526970
-643110
-756080
-720595
-705340
-1066640
-1163090
-1216300
-1086525
-1166660
-1434370
-1477360
-1571250
-1416735
-1395210
-1577130
-1573580
-1699870
-1348235
-1314630
-1471330
-1407590
-1396930
-942525
-984940
-979760
-826590
-713040
-423105
-395960
-277600
-147070
-49200
144405
229130
261960
337690
498780
579345
563690
570710
598620
757560
660755
610750
662040
647660
684520
494325
461840
548710
501310
425100
241445
261830
353970
320340
233950
148215
178450
288090
304280
302240
260425
228150
473110
544200
557000
509125
504180
822990
895380
912280
798825
860160
1071890
1097380
1168990
984695
1036220
1086350
1065870
1189250
944105
884210
910800
856650
891190
610455
515620
584450
500860
361190
144695
157010
164060
85870
-68980
-118595
-81210
-146540
-185770
-248230
-211275
-198030
-271400
-296360
-332650
-288445
-248600
-445250
-505220
-533110
-488385
-449520
-825250
-895760
-847940
-767315
-831070
-1185680
-1248130
-1278490
-1160695
-1290860
-1508490
-1576730
-1807610
-1468205
-1431400
-1723960
-1725120
-1788510
-1367835
-1349220
-1538390
-1447970
-1368760
-1010605
-982810
-909840
-772670
-719660
-376555
-327040
-151310
-4240
125900
310815
348140
603280
754210
951380
896165
932790
1179160
1254960
1414420
1191145
1198580
1345550
1339100
1440450
1133415
1054420
1148040
1084070
1076710
766805
692380
778910
710710
619880
387755
349090
485880
449920
322580
209585
231120
436140
448060
350640
353035
419700
600770
634000
650930
617245
687840
792860
822020
943420
804395
827290
890230
887620
1002480
744015
679040
774000
720750
672820
421505
397750
418020
334190
217400
68235
59610
-27320
-101160
-183110
-237445
-253000
-385340
-446460
-536600
-517855
-498250
-730350
-810700
-899060
-772585
-743080
-1131630
-1198760
-1193960
-994615
-1053530
-1370380
-1421880
-1476820
-1248145
-1318090
-1555850
-1596790
-1757030
-1468925
-1337250
-1691430
-1691160
-1661520
-1315455
-1320520
-1528840
-1443030
-1359630
-1000755
-1100080
-949730
-805970
-822930
-507295
-462630
-245050
-69580
28760
212655
316350
551310
721300
958210
986915
981410
1275300
1371920
1539900
1406035
1386450
1566740
1559640
1682610
1349555
1340500
1386710
1309080
1373340
974105
902400
996510
903520
810880
466225
428350
613030
540410
332350
174035
211320
386940
379390
265620
239315
288660
446230
491570
520290
480635
519540
652920
697680
783300
694315
688910
764900
760750
822180
664445
623520
636210
585520
585970
403915
381110
328040
251480
204180
37135
15510
-48490
-129480
-249410
-311245
-288950
-412650
-487000
-603070
-564625
-525790
-761460
-830200
-885090
-777075
-754590
-1101480
-1158220
-1154590
-977845
-1042270
-1315040
-1353730
-1420550
-1195515
-1269680
-1501160
-1527180
-1648570
-1418355
-1282400
-1605910
-1589260
-1546590
-1206755
-1256380
-1390040
-1299100
-1245380
-869455
-966490
-790530
-645940
-656550
-360245
-275140
-112010
36560
167270
343725
427510
606440
734930
959250
990485
955980
1215760
1283920
1425840
1224635
1238180
1421780
1410400
1496610
1129645
1157190
1236590
1172920
1201270
842255
768390
896060
825190
727710
484055
417510
594690
553270
405810
259465
265210
430760
432940
346670
287165
359650
466220
490440
516130
470525
498910
564220
570800
633880
553295
549060
557820
529220
575640
425675
398300
375420
325470
318950
156795
129910
124670
67680
-17340
-125365
-125060
-149180
-209300
-335540
-336045
-293610
-432340
-480780
-532960
-460285
-440620
-692120
-739530
-733400
-653695
-678960
-986890
-1050690
-1077640
-922565
-978250
-1238330
-1284120
-1361300
-1184245
-1223900
-1455350
-1479850
-1587330
-1376375
-1242140
-1531380
-1514890
-1494080
-1102135
-1190810
-1285770
-1192990
-1151790
-763255
-841930
-687620
-536960
-510560
-275345
-157390
-40230
86250
220040
391695
449680
583480
686180
886610
929765
868830
1102210
1164940
1290760
1068745
1095880
1265690
1253410
1310710
967565
1017850
1091690
1030070
1048630
750845
667980
809580
754460
667200
447105
394820
574460
548800
429360
265645
294600
430820
429120
374210
307125
349790
450420
466580
499180
450255
437990
548370
556570
582390
493475
500970
551800
536710
561370
432895
446480
432390
395470
413280
269695
236020
217080
152090
74410
-21985
-17870
-110380
-182060
-270950
-284635
-277420
-457200
-512300
-546580
-536035
-540080
-736230
-794890
-876780
-788125
-779080
-1068690
-1141530
-1222080
-994205
-1012200
-1315520
-1334000
-1339570
-1149155
-1191860
-1431000
-1436970
-1499530
-1294415
-1185590
-1452820
-1430930
-1420840
-1017905
-1131420
-1206850
-1115160
-1084210
-724205
-783010
-636530
-488180
-453540
-234895
-93660
6710
120890
262540
444725
461970
626970
725620
898670
932805
893410
1120160
1173820
1298630
1050135
1111580
1240350
1223070
1306120
958135
966760
1058990
989850
974190
689235
602130
743360
684950
578850
375235
337670
484680
466710
371550
222675
236620
395630
411430
356730
331615
358440
532420
571110
588910
567425
565050
745150
779930
821530
702405
769940
835930
830520
912690
720935
740580
710340
650450
695170
483815
406190
367690
269790
173130
15925
-9350
-127500
-219960
-334360
-404535
-413030
-571180
-646240
-765250
-733955
-714430
-921460
-992680
-1125660
-946405
-896140
-1257390
-1303970
-1283600
-1004445
-1062580
-1333570
-1333500
-1320840
-1127605
-1206670
-1343300
-1351030
-1491280
-1232805
-1054240
-1324190
-1281770
-1177390
-856605
-951170
-960320
-847550
-774430
-548505
-605930
-319280
-184750
-234710
-6295
134180
242750
367780
577130
612055
616920
810480
901960
1081900
1009345
959130
1163040
1173650
1231830
1030725
1024430
1101240
1060580
1122970
788215
775870
838220
771000
728270
446195
434470
534680
479810
366780
254945
209190
393030
405810
321330
252405
267590
504200
560000
537390
485785
578210
776710
834740
912610
864135
839810
1040360
1064760
1131550
946495
972280
1030590
987590
1050010
772365
802290
701680
612830
659690
382495
256790
231330
115350
-56600
-213305
-230390
-330290
-436460
-636070
-625345
-576000
-816680
-881320
-957050
-862985
-840560
-1118250
-1180910
-1262330
-1051945
-1015460
-1364200
-1369470
-1324640
-1049605
-1110450
-1392770
-1381790
-1382900
-1172365
-1241170
-1347800
-1334870
-1470380
-945895
-934540
-1072320
-974790
-859210
-627955
-644710
-521930
-386190
-330680
-150275
38020
144590
234680
373270
597605
512540
705470
788430
943930
830455
816450
1051880
1094360
1163260
883225
1046910
1031020
983540
1124200
814715
649550
791530
722530
607070
368325
314780
489790
460290
321490
182745
220770
327830
349420
353670
206805
188840
482310
531470
448880
496655
539990
807200
874740
920910
896505
883490
1092180
1148860
1279800
1001435
1121470
1175930
1147460
1263680
990015
948670
914900
816490
820870
554215
397860
426310
324440
157120
-50745
-2680
-131850
-234500
-368900
-455955
-436530
-640080
-733680
-872860
-750885
-732880
-999230
-1072540
-1163780
-947875
-944430
-1374740
-1456870
-1457450
-1203845
-1244290
-1538070
-1550580
-1579090
-1358375
-1433740
-1616120
-1627980
-1762980
-1548255
-1314570
-1513790
-1419720
-1308910
-910015
-1079150
-963530
-836450
-842760
-516425
-543300
-195340
15410
71910
300615
477130
518460
640250
949480
774035
820830
930740
992250
1171140
1163065
1044910
1092970
1034730
1077200
818455
644920
709510
642300
542960
320115
454190
343160
263260
241640
64795
-18350
57880
18380
-138260
-155
-450
239130
303420
245890
342195
354700
579100
662000
715350
658735
868920
1007430
1064980
1247620
1151165
1109240
1176820
1140860
1251930
950675
907010
995880
941210
938050
612535
573730
535910
408250
297950
8485
-45870
-700
-83520
-283850
-319335
-323910
-375540
-445760
-598900
-621355
-537770
-701990
-740550
-784300
-645875
-597640
-952850
-1030790
-1012490
-945655
-986570
-1383510
-1402520
-1339720
-1119555
-1193600
-1521190
-1577990
-1666880
-1428275
-1645750
-1666060
-1652100
-1931280
-1384605
-1180640
-1367810
-1274920
-1148260
-970375
-872520
-847690
-666430
-476470
-110375
-38610
141790
242160
361240
523375
313320
638110
726950
756780
753935
953390
952860
970280
1235410
703165
738510
708280
658780
732540
514475
420730
514710
426960
287570
152125
-150250
136200
122080
-153910
-157755
47690
145280
207220
261240
100335
215600
368470
459750
555660
588855
635040
861950
918260
989760
967435
842310
1001710
1013490
1072130
983375
972850
976760
935250
1019690
663785
643710
637950
563120
522640
251995
337760
289540
202890
117970
-8175
-116990
-49710
-100820
-304300
-128665
-147580
-226400
-273490
-356870
-344735
-213180
-554590
-613550
-532690
-567515
-454270
-970770
-1088700
-1031890
-944685
-1118440
-1356970
-1404230
-1550430
-1345275
-1493570
-1603340
-1603890
-1836380
-1615965
-1404470
-1558120
-1470500
-1469660
-911955
-1031320
-1066810
-941090
-867060
-369605
-370360
-199140
-4090
176540
342275
415890
452020
546940
761500
699855
885730
822540
840180
1056590
984135
765230
752180
689060
662570
582505
538470
542460
495360
446480
221725
181600
225940
184190
42950
-12255
138770
204030
203930
148660
211225
147910
327020
375540
360120
550075
549680
766970
823260
904340
793985
777560
960200
978770
1027530
834655
1031680
977400
957660
1152760
741425
675590
710890
649090
622300
470845
332020
464360
394220
193090
154115
12040
128160
103300
-73420
-134215
91790
-19030
-47140
-11080
-168715
-33390
-263990
-346300
-333560
-224575
-310050
-637470
-753550
-799410
-674285
-865450
-1229680
-1291840
-1312130
-1156365
-1209580
-1537790
-1607230
-1729440
-1542975
-1598920
-1650090
-1639600
-1899000
-1323185
-1158330
-1294220
-1194400
-1086810
-797645
-652060
-597690
-391150
-127490
113885
159620
309800
411220
557360
622825
535150
774320
824220
888740
854625
791610
841190
802540
898030
500615
577210
595850
557280
599270
306785
208380
316710
247810
97170
-23815
-64720
149480
153760
14520
45055
13450
183570
239640
222480
230235
366600
515140
622310
780380
649155
694100
857630
896730
985320
823095
869890
987010
969970
1021320
879395
722680
840990
786960
739090
559285
515180
589290
545090
509210
202085
280590
300600
240370
174540
30405
33630
103630
64340
-47080
8725
-39540
-71030
-119740
-200230
-195955
-103200
-430870
-502860
-443070
-528035
-443290
-980230
-1098780
-1022460
-994535
-1162080
-1378040
-1471840
-1688650
-1458545
-1680700
-1650450
-1664060
-2010860
-1696085
-1407830
-1571550
-1478050
-1399450
-1104505
-1045960
-1034050
-876200
-698340
-251145
-338410
-83570
77230
216410
364935
284330
534440
655620
773350
699405
903420
837370
850870
1101840
717275
725670
717750
670410
729160
524265
394630
465960
390940
263570
121145
-41730
181890
162470
-57240
-1205
-470
154670
154840
69880
32775
219600
340160
408280
546050
527015
548040
729770
776980
881100
757335
743690
955820
984300
1042260
865735
870430
918690
904520
1005360
622665
629070
706690
671050
650610
427035
353760
495520
440180
284750
234575
140150
299690
274180
129060
80685
201860
155960
112260
110880
-11725
101990
-163640
-266560
-219470
-245645
-279520
-685100
-807770
-783870
-740375
-943120
-1138400
-1224430
-1400490
-1376435
-1422100
-1516810
-1548760
-1796300
-1686605
-1391650
-1579900
-1522620
-1507260
-1100025
-1207470
-1166300
-1021490
-961460
-429725
-526520
-302810
-133090
-13870
165715
163620
342190
462400
610980
595255
802130
750900
776170
1037670
739115
736220
716550
682100
764140
566025
468960
492230
421450
347010
189285
11350
211090
195410
4450
8235
1900
204460
217650
100280
63615
237340
388880
443430
505950
567135
603000
751610
794650
931620
829185
823040
961750
987380
1110830
854785
864100
884600
854990
935730
648605
574040
649760
600330
525790
339275
252370
436170
405020
235400
158855
220320
321850
307360
235530
150655
255220
253940
225450
219190
217935
252670
15680
-94660
-60200
-110255
-143730
-559160
-679450
-613710
-627555
-822030
-1048220
-1171330
-1367450
-1357795
-1452150
-1511900
-1560990
-1878080
-1649885
-1359780
-1637350
-1603660
-1562310
-1276405
-1275430
-1275510
-1117750
-1012740
-500165
-591000
-399790
-248350
-156240
2305
-1680
175190
305320
426620
478715
661600
533120
546850
809530
546805
490280
491780
462200
503710
421825
267090
302480
224920
105420
-5585
-105270
51990
52590
-80720
-56255
-34450
140430
169370
107950
73865
240460
446600
536280
632030
681385
716530
879370
929740
1060750
917435
933480
1044340
1062920
1179670
951955
948940
888980
830260
924750
553625
474340
539040
472080
360780
164995
62610
262650
219700
-21030
-27345
-19590
145700
140490
9660
31315
169460
122790
100200
145460
146455
239320
-79070
-163090
-20890
-94075
-160860
-519370
-565700
-458960
-540525
-703210
-953450
-1053230
-1255680
-1209705
-1267380
-1387180
-1426690
-1731090
-1267155
-1213420
-1441270
-1408000
-1434550
-1101015
-991340
-985860
-811820
-681230
-282865
-227570
-218240
-142950
-9990
111915
145200
242630
314040
443420
616715
505520
437300
399390
516650
324525
302610
280060
255450
275260
121515
111020
16020
-43820
-88770
-261235
-220000
-89470
-48020
-140240
-70175
-134340
123180
194390
83680
225595
328310
594550
721020
824860
841605
867220
1025780
1068220
1212860
1039635
1117600
1181760
1158380
1303330
1085235
918190
934170
835370
825040
508555
448430
532720
460000
337470
93565
68730
159310
113970
-58660
-127755
-31630
2180
-16570
-113940
-92915
9860
-177910
-217070
-181820
-130665
-71450
-437040
-472220
-287920
-251285
-455850
-639430
-717610
-834390
-738255
-912750
-978340
-1059240
-1357150
-1101885
-914700
-1194900
-1197950
-1155140
-1036705
-963520
-1006100
-896430
-821020
-539785
-499450
-360720
-253380
-231620
-1515
-62170
60090
138570
197120
356365
431290
319380
321730
517900
357905
300310
192260
150340
216370
62925
39660
-65590
-142310
-205510
-352515
-438590
-375480
-376960
-529000
-374655
-411810
-236160
-167000
-255750
-122705
-64200
221750
366320
406750
534185
697700
858260
951870
1156960
1023445
1105260
1197770
1222450
1423860
1261625
1141690
1200170
1132330
1179360
866825
704450
814240
732110
619210
316155
325870
359060
257800
85050
-94445
-58300
-64470
-127670
-287890
-230825
-144190
-360080
-426250
-433830
-417695
-355910
-665900
-668620
-524370
-411445
-529880
-728320
-778250
-860740
-777865
-906920
-949580
-983690
-1223450
-859395
-717900
-1014430
-1021330
-935190
-863875
-853910
-823470
-703680
-652690
-368275
-333080
-197640
-136980
-151110
-56435
-67250
79140
152390
204220
390645
461450
321410
305640
510870
326675
211700
148400
117970
148620
73275
77660
-113130
-208950
-241700
-480695
-522950
-528340
-533410
-679030
-539315
-528310
-447420
-402230
-492330
-355855
-357170
-56460
91130
74150
321975
407840
641920
743720
870730
847525
931930
1081860
1149760
1379810
1248735
1217880
1264890
1218660
1368820
978305
850020
1006680
950010
893720
604225
551520
628670
528990
366500
54625
106340
116860
45650
-122940
-134745
-20080
-297760
-389340
-392990
-399285
-427440
-598310
-582940
-555780
-498215
-557820
-706120
-757980
-879810
-859655
-804230
-926380
-926020
-1002940
-566785
-735450
-826740
-811270
-827450
-595135
-645390
-454360
-325520
-307310
-69905
76910
114040
157830
273380
174445
336040
386450
450160
604240
663475
695570
512240
471900
655110
411315
262210
208980
167710
127340
62535
-38150
-103430
-196010
-369170
-508295
-531930
-479810
-498750
-693530
-549205
-428350
-364110
-321120
-331230
-180245
-216520
-9400
89570
129380
325825
384940
560500
647340
808830
789845
736990
839260
872900
1027210
814705
891660
948650
937090
1045820
735695
659330
734430
677300
597690
333195
389650
423100
358290
245690
88775
77920
-20680
-112670
-217730
-218405
-227660
-375300
-396560
-386560
-287895
-410020
-495030
-548850
-673950
-581355
-603110
-709880
-761530
-893080
-635645
-472990
-795120
-785030
-600380
-625325
-675130
-608490
-501530
-479790
-303635
-274910
-24220
59640
-4990
114375
63960
283410
337200
305270
458595
625100
528110
546970
810070
673455
567980
419450
355260
474580
211335
191350
114360
32030
-41450
-232895
-338100
-371230
-442740
-653290
-663485
-620740
-523860
-463380
-574770
-363245
-346970
-245210
-174660
-194620
-16625
57990
202990
307790
424180
610465
637420
640220
666190
871870
644455
632770
726220
715930
773360
606755
593730
562170
473350
453360
201705
100070
112560
47390
-100550
-150555
-118700
-255390
-332000
-415970
-432275
-429980
0
-598920
-597460
-452265
-485230
-479150
-475220
-569780
-447775
-465090
-533910
-563290
-664100
-475315
-220020
-539060
-506200
-227020
-215265
-413460
-370330
-307770
-297790
-246605
-273730
61540
155310
27900
170935
139690
354290
384800
318820
337105
528680
540250
572180
760330
745295
757010
556830
494560
712400
398445
256000
229940
162860
109000
-37395
-107610
-120820
-195700
-361410
-455005
-550450
-401230
-374850
-585570
-427575
-221870
-177880
-107940
-80110
17325
82010
91060
162040
292740
398795
481940
490130
535250
724630
618015
425360
518410
485680
432460
297945
337040
323330
237980
167330
11225
-48980
-229240
-358080
-471160
-497145
-445210
-716000
-791600
-814400
-716575
-831080
-1013000
-1003290
-1028970
-863925
-873220
-818830
-757770
-882300
-717495
-607280
-662990
-633820
-689700
-349765
-149210
-393760
-310780
6960
118955
-71690
390
83430
178650
175945
133670
451770
510040
428770
448495
389760
672120
671530
569940
517055
651150
745800
744780
832320
775005
836660
658770
610470
835860
514845
426230
355010
292520
297140
56245
5000
13480
-32320
-166210
-259305
-358040
-141420
-117840
-344790
-298485
-160880
56280
134290
68550
232185
361490
414320
489710
667000
702835
689820
720340
733540
892720
776295
696020
636850
543730
567160
333255
238440
72690
-85590
-211490
-418455
-408500
-724110
-879670
-1035700
-1059485
-1042840
-1418980
-1525200
-1660800
-1460145
-1503920
-1643500
-1592630
-1691820
-1349965
-1329330
-1366770
-1290300
-1376060
-1104805
-935020
-983550
-862040
-750600
-183765
-257830
-286830
-162570
98140
187915
23050
348840
475490
517030
542795
704710
857580
903980
1044870
809795
792980
992580
1008410
1033430
840835
954880
973150
938780
1018030
812595
721830
664330
602320
633070
373705
267360
338340
271210
111700
7195
-1430
83330
53430
-70670
-70675
-102630
101330
118600
990
56725
182420
348000
423160
511750
590365
618080
748050
813430
991520
794055
791000
930450
929600
967720
778405
847930
682890
570180
611500
334115
238130
-90960
-274860
-386850
-561345
-554140
-1034130
-1219780
-1369440
-1334825
-1477740
-1860300
-1955720
-2176420
-1923605
-1953220
-2092640
-2088230
-2367100
-1819125
-1753410
-1945150
-1878240
-1940490
-1307425
-1174120
-1345570
-1160510
-855880
-439015
-461360
-397270
-215890
36300
144765
134800
453460
579880
649240
753675
737650
1010750
1082910
1186510
1018675
1040020
1247890
1263470
1355820
1090155
1170520
1171440
1111920
1221020
901315
800150
809250
735690
718290
403275
345650
450400
398360
244140
83935
64880
214440
209800
61330
43055
94520
315440
371650
320550
389675
445090
641010
717810
806140
804615
832250
997090
1030380
1150770
983385
964760
1015800
948790
984270
733065
736630
578560
438580
432320
127405
77490
-232230
-419660
-550900
-738375
-756660
-1125950
-1278160
-1465420
-1349555
-1449500
-1724030
-1797080
-2030820
-1764775
-1755630
-1972760
-1976720
-2167270
-1684695
-1504900
-1893910
-1825240
-1674830
-1206815
-1260830
-1407150
-1279500
-1137220
-763125
-821870
-744390
-617660
-569520
-309915
-254000
-148180
-24680
109870
233905
232700
460860
571430
672970
643575
701270
908630
961510
1064750
957955
973210
1090620
1108610
1253210
1013385
902930
1115840
1095570
1073800
798105
785020
934560
880640
806600
579885
601520
688020
655740
631870
449675
431320
600480
597710
539010
439645
470820
636960
658360
656650
546585
568980
741890
773300
807830
670825
699430
824020
808200
813820
656195
668630
620100
534420
525620
356385
355220
90430
-41090
-53010
-238735
-280320
-635450
-773460
-863730
-907305
-990520
-1280480
-1403610
-1636470
-1462815
-1515530
-1752370
-1806370
-2045060
-1658245
-1562550
-1860900
-1830060
-1838400
-1408885
-1364640
-1594100
-1511980
-1414220
-1006015
-1009310
-1089410
-971500
-841200
-495075
-552730
-432330
-284460
-166110
19235
-14650
276900
410260
463330
517135
642890
847090
930950
1076850
1002225
1053350
1197660
1248810
1448400
1189055
1161480
1332980
1317130
1374880
1021005
975490
1112910
1047490
988290
734875
664390
810300
761140
667580
454775
400920
622670
598770
450850
346125
431690
542820
531620
512250
475485
511020
598530
620770
707900
572025
560710
660490
643230
638990
431505
518210
416400
330330
335140
185975
142700
-135860
-269490
-314290
-427335
-514950
-800560
-922970
-1071920
-1033165
-1083290
-1426740
-1529530
-1698500
-1522255
-1513310
-1761960
-1768380
-1893790
-1491245
-1509870
-1603140
-1537760
-1615380
-1132725
-1073290
-1102410
-958310
-837940
-486685
-399050
-345250
-192170
28090
208605
202160
390290
521770
694300
683465
696400
895570
946810
1048210
900795
882710
1021540
1031850
1108600
901655
863520
971090
926910
920340
638485
609340
672240
598420
502220
338215
366450
341360
288120
268590
140305
74120
210940
221110
144150
97765
99730
325320
360100
277780
287545
371090
529340
584810
656570
649135
657960
812880
851290
947360
794825
816580
856940
815590
861320
629925
671900
484800
369690
400830
147355
65400
-206660
-365400
-486780
-612925
-676880
-984580
-1128070
-1343330
-1236485
-1307420
-1584990
-1652260
-1846300
-1572375
-1541150
-1698940
-1651040
-1733240
-1317735
-1263930
-1286570
-1167440
-1140860
-707845
-670520
-579950
-431090
-301900
13775
83340
136350
263350
525740
563835
556810
668160
737030
916660
771335
725600
878510
880880
909070
688595
680830
795130
763600
737100
519745
493870
598730
562010
489130
340195
355920
384000
334880
276630
191755
191700
183430
164560
165210
143265
96740
158790
162820
140740
61355
73200
186390
195970
141970
152435
215800
270760
293720
340040
314955
292170
380450
396310
415880
348255
386820
370080
339430
359970
271875
267080
139380
81880
108560
-13575
-64320
-199760
-289830
-388060
-440405
-452180
-650300
-733650
-838630
-734775
-764980
-941290
-963520
-1024000
-897555
-917310
-949460
-920110
-1011960
-752355
-683600
-722770
-656950
-612160
-356665
-352580
-303070
-201030
-88640
32335
55780
158460
233370
322130
357055
402240
443930
483820
621800
549015
481720
611010
632670
673790
529425
496340
668190
659230
601030
469445
497090
587280
572480
560240
438095
456410
503120
480380
480900
348125
354570
360290
321580
306620
228975
216040
177320
140180
132620
28655
-16100
900
-24800
-96030
-112325
-97580
-92430
-104230
-144170
-113085
-124020
-74500
-55460
-74920
-36515
-4520
29850
48930
57160
78485
135460
77680
77470
152450
137475
112790
37550
17040
47360
-23425
-51000
-126000
-168310
-216540
-226995
-251320
-348070
-381260
-433520
-387655
-423580
-449600
-451910
-523050
-427805
-407540
-407110
-384440
-417220
-284345
-229390
-239560
-191370
-116350
-24435
-23590
27720
79100
148360
176405
164980
254770
287300
325820
319215
317140
377290
388960
432720
342945
333120
409280
409780
413660
322185
335010
374700
356120
349430
246115
242400
272910
253230
231800
160795
160270
142110
100670
60510
-3475
8410
-87810
-136550
-158950
-172155
-181190
-325620
-373910
-394270
-392595
-428840
-526560
-548750
-604550
-519735
-530820
-579600
-576460
-630790
-494595
-503680
-484990
-443670
-471130
-307605
-258960
-246640
-190550
-134540
-23605
12070
12940
62220
167350
196885
188210
218330
241560
309600
271055
245660
297910
303500
325840
237515
221460
305530
304400
282340
205705
212950
303330
300040
267210
215165
228330
285220
280780
276260
240625
258900
261120
252230
281870
202365
190600
164490
134420
123150
53825
56310
-28060
-72340
-93360
-130765
-164780
-242000
-273090
-315710
-306535
-327300
-361790
-376560
-448860
-382795
-368510
-389010
-382390
-423550
-286395
-268620
-309550
-289960
-261890
-180585
-151660
-200160
-182450
-130060
-78995
-69120
-142960
-144290
-100730
-101395
-122080
-187150
-201390
-206380
-191765
-213510
-275850
-291480
-323820
-277045
-297420
-348030
-355660
-395930
-336375
-317750
-354000
-342160
-356000
-257545
-243010
-259950
-233280
-207520
-131415
-137610
-94020
-54200
-24370
46045
49010
112120
148790
194320
200725
190420
299720
341600
384980
354705
370740
496710
530550
581040
491925
488280
665950
696570
720280
609935
618050
782520
790010
794990
625285
665270
731370
703520
719760
562185
562660
531980
481070
504170
342345
274770
262690
204440
141260
13015
-22980
-40650
-100650
-225260
-259695
-225580
-323300
-371870
-442540
-391645
-372320
-495570
-519620
-545770
-445185
-439970
-591030
-605400
-601220
-503345
-489670
-648160
-652590
-634120
-526585
-567650
-664550
-666580
-704260
-566315
-562320
-647000
-637230
-661150
-511655
-493350
-592420
-572220
-546260
-395575
-392690
-430620
-384060
-333100
-212915
-231980
-189760
-139640
-113430
-56155
-31800
44700
90490
118450
179765
191190
252210
284650
345480
332445
318010
415060
444110
495300
424425
425580
535190
550480
586690
452565
444890
587840
591740
582450
477295
475200
616370
612580
592440
485955
485910
561280
543670
542980
412065
454310
441080
413670
448600
308355
283160
253210
207270
179480
70295
46780
25760
-20080
-103260
-133985
-147410
-224250
-273370
-352580
-337535
-311140
-441440
-472370
-502040
-419815
-420330
-558330
-575000
-581300
-481405
-510030
-587840
-585180
-612460
-494615
-484000
-547400
-533550
-541700
-409725
-399420
-447450
-418520
-396160
-274125
-266940
-281620
-246820
-207860
-117605
-111910
-113120
-81870
-33340
5765
1700
47660
81570
118020
131135
121620
205250
238570
263690
235475
242740
358170
383930
394970
348535
357640
441530
446310
460390
392895
418420
458450
460190
513780
401815
369260
426050
409030
404050
277795
271330
331500
304050
256820
185065
171750
200220
175900
140360
91535
91980
121000
114220
96570
60735
75110
69670
55510
46730
30365
44760
13640
4100
13330
-3785
-12940
-59910
-81350
-96810
-126265
-109600
-199870
-229420
-246660
-225675
-237440
-342420
-365180
-381020
-340925
-378690
-432280
-439290
-489740
-400305
-393330
-428090
-416310
-439920
-312715
-319230
-317520
-281850
-266270
-162265
-137620
-82410
-29410
15540
79025
97070
153220
193710
253940
250485
274240
333410
361400
429140
386085
355990
428130
433880
460610
362015
348260
438220
436510
427390
318685
324360
386310
369810
349340
253285
261800
311280
295030
273500
208035
207380
207170
175730
151540
92175
102700
35820
4220
7020
-25895
-47000
-128520
-162070
-181310
-203625
-236130
-267990
-286590
-354540
-312085
-291470
-345050
-351880
-385340
-314995
-296240
-337390
-323940
-323890
-216155
-216720
-248020
-231820
-213790
-131195
-124690
-169760
-157230
-117190
-84775
-87720
-125480
-123200
-102240
-75195
-93040
-91140
-86210
-92610
-79735
-89030
-61660
-48430
-61640
-55215
-13000
-8580
5160
25590
40515
29530
65250
82400
96250
125955
108060
158870
179810
203290
161415
175290
224230
235120
255030
217485
214910
282960
287940
291140
263145
239120
324300
328360
321650
264155
286770
334790
331520
343320
269195
284090
284540
262120
273000
185265
188290
161610
130860
121650
49075
38270
-26340
-71090
-107480
-148005
-168740
-226330
-256200
-315410
-294785
-308070
-391900
-421160
-481640
-429385
-394490
-519850
-530830
-539370
-420555
-440230
-545950
-542970
-541720
-424185
-443110
-485200
-459860
-467400
-362035
-335810
-386230
-368440
-350440
-245865
-231240
-245500
-211800
-171330
-72485
-106210
-50630
-17620
-4080
41385
61920
125830
159210
199050
188175
207070
288190
326460
386950
322445
324200
445030
475200
499710
424315
422480
526760
534690
546820
477075
455590
536750
536780
557000
442165
441290
508360
500920
514690
376875
384180
453020
422680
386620
299065
283540
335350
297630
243030
179275
199100
173390
135670
123230
46865
62840
-26410
-66720
-65780
-118825
-135410
-231040
-273120
-315270
-314235
-349070
-435720
-463840
-533710
-454255
-454110
-557280
-566300
-602060
-503115
-493620
-579020
-574770
-600270
-461705
-431280
-544140
-530810
-502650
-373655
-364910
-455920
-431890
-380990
-287565
-314480
-367740
-343290
-339820
-262625
-226230
-296050
-276660
-239390
-180365
-207340
-191600
-166570
-167620
-59195
-108840
-11150
35880
16770
112985
132510
162590
195460
241640
255905
306800
344290
373040
471480
431305
397030
501180
525280
553930
460615
480970
575490
577630
580820
508045
491570
545120
513810
506180
442335
417810
483980
456820
438870
304345
332580
351820
321210
289710
148035
217320
155850
121950
117120
44665
15770
-20280
-53800
-76030
-120025
-151380
-194500
-218930
-301840
-296515
-289700
-403490
-433770
-501800
-340215
-397350
-547820
-587700
-596120
-487565
-490730
-621920
-632300
-628840
-583225
-499640
-654700
-660420
-677230
-538055
-571520
-652070
-643910
-659160
-394745
-463980
-533520
-503070
-444480
-392535
-352010
-368270
-332930
-305110
-249415
-189350
-198670
-169610
-134900
-101555
-111260
-41670
3660
18260
99395
102090
161270
203500
258360
228285
203380
339940
366370
357920
336215
337490
437830
453660
474740
397035
407810
471200
472660
522000
394345
390680
459680
458580
474800
315655
313620
405440
391040
372450
237515
223290
304190
291220
223100
203475
175640
195460
186270
144960
128445
149720
88490
62740
75960
-1365
10110
-64140
-105010
-113960
-158135
-131370
-241400
-274680
-317870
-286815
-320230
-409510
-448860
-515180
-403975
-426540
-521530
-536400
-562400
-461515
-443430
-534680
-516390
-511170
-414645
-416380
-437570
-402460
-419430
-294915
-284370
-296820
-266470
-236570
-188475
-122490
-155980
-126820
-42850
-43715
-81020
-40800
-21910
-31780
39065
-8130
57080
64740
51480
153845
115780
141930
144830
178320
126875
180670
210660
213480
263540
231155
273950
275280
290470
342390
280275
257130
331310
331670
319270
321455
306370
329990
325580
344000
270525
263080
297210
288170
268480
218565
232490
238690
225470
219830
136575
162280
182320
154780
152080
122025
61310
96690
81920
19630
-2625
27530
-8570
-44420
-56210
-90885
-53000
-172250
-196230
-171260
-219915
-264620
-336390
-368660
-435940
-372165
-383870
-491410
-515850
-552290
-488625
-501490
-577050
-580730
-617580
-486135
-484950
-569730
-544180
-550440
-421655
-378300
-457070
-442270
-382530
-314265
-297000
-303310
-268980
-251550
-126315
-156570
-146720
-107180
-92260
25205
10650
28110
56850
116490
144005
112830
217260
250940
267930
268475
291420
423140
460720
484970
424855
474240
586210
596950
654990
521315
579840
642710
643310
703370
583665
553880
588750
578090
584830
435705
349000
438220
408220
313110
231645
236790
234160
187650
153550
-3435
21100
4520
-25870
-102770
-134005
-103420
-203120
-228160
-268170
-234655
-224220
-393880
-430630
-407220
-372305
-437270
-521800
-540760
-591890
-445695
-517830
-587460
-582550
-662780
-525885
-461420
-560760
-532990
-514320
-365485
-320570
-358990
-306910
-223670
-126795
-146820
-39450
22270
44140
127045
170370
272550
324520
392890
387925
377310
500870
528250
570370
482645
492090
587510
579600
598540
509165
505080
511100
470990
521260
333435
285680
354860
330880
295560
155935
136710
255750
247080
165800
106955
108110
234970
241910
201480
165265
210640
307710
331420
346550
299795
326120
382030
395400
434540
378165
367670
369720
345920
378360
236305
252340
137660
56000
36610
-105685
-101670
-316660
-407680
-464780
-447005
-541640
-735510
-813850
-921830
-835995
-892460
-1041680
-1082560
-1215520
-1032825
-951350
-1100500
-1064710
-1060260
-788375
-808380
-765560
-657720
-618580
-359095
-344510
-138650
90
64650
258405
333730
503040
610280
774960
772475
807720
924070
967600
1135110
962965
975420
1000000
962670
1065160
790825
698820
708180
620160
564800
311985
256930
252750
160730
24870
-113675
-136760
-100800
-130490
-247120
-256955
-254290
-97700
-51160
-127780
-38265
26220
245900
345000
389760
469365
516140
732250
820610
942430
