253
39
139
39
139
39
132
4
132
4
132
26
15
136
32
171
143
32
160
239
32
160
234
45
172
45
214
142
60
147
202
81
116
17
211
234
240
107
38
100
228
230
164
229
241
185
115
20
201
76
205
132
68
210
141
72
206
29
16
16
45
160
196
239
160
4
187
224
77
149
102
94
85
110
94
244
223
62
174
114
150
242
102
151
121
234
245
241
241
111
247
115
57
55
92
87
93
210
79
86
148
78
213
153
218
151
95
125
146
24
144
38
88
68
36
178
196
48
165
74
118
160
218
244
165
110
242
248
110
123
94
22
252
126
74
255
253
22
243
255
241
234
250
109
239
188
247
246
153
17
255
82
76
216
88
13
91
54
16
86
62
207
40
171
196
102
166
4
242
228
13
155
96
80
223
224
79
238
245
59
220
123
26
209
52
216
207
242
248
248
53
237
236
112
113
242
121
242
220
88
222
216
20
144
26
251
207
124
50
22
213
191
19
142
32
68
202
32
73
200
40
180
207
45
230
207
38
173
93
112
247
95
20
182
78
211
177
77
216
175
120
250
234
106
239
239
235
244
239
251
125
252
20
88
221
78
249
216
90
251
150
218
156
139
143
44
178
68
254
165
4
91
106
19
254
100
190
127
224
211
55
239
126
207
255
116
202
254
180
208
180
232
179
170
232
102
108
106
109
120
241
253
17
88
87
90
141
125
190
210
55
159
21
21
212
8
144
224
196
132
224
78
196
38
125
83
96
178
15
96
166
4
230
112
77
137
40
78
202
102
211
92
100
230
57
224
230
112
234
106
84
158
246
200
78
93
77
143
122
254
84
51
180
214
126
206
77
72
56
154
4
87
165
4
157
100
62
183
32
238
218
96
174
68
100
181
68
204
172
74
140
234
88
241
96
119
228
96
244
166
87
230
202
63
205
13
85
77
25
217
56
113
250
104
119
94
253
211
76
4
151
38
132
4
32
112
68
229
224
10
224
32
68
96
96
4
80
36
74
68
46
211
202
102
207
237
224
215
105
229
111
63
119
109
77
121
214
148
20
221
183
251
245
233
110
174
124
185
119
138
144
205
132
79
202
46
138
4
32
234
72
230
102
63
164
101
68
224
240
68
214
53
213
68
62
245
78
48
238
15
96
236
26
241
102
55
210
115
252
125
122
79
120
46
122
214
47
102
126
253
234
52
153
210
93
152
201
209
206
17
113
157
4
224
176
10
234
105
86
182
38
202
246
101
200
207
110
152
201
218
175
202
236
180
81
109
106
123
181
238
102
220
108
44
114
113
255
252
108
125
127
54
110
117
124
48
182
28
19
185
77
10
126
74
74
186
58
132
215
36
206
81
107
157
27
237
242
9
230
246
8
250
115
82
211
57
220
212
45
223
219
96
187
113
230
232
41
242
233
113
242
118
214
243
125
89
252
54
246
254
222
248
223
13
18
217
68
147
21
8
136
38
196
78
36
76
81
177
241
19
41
172
74
96
213
21
223
116
255
138
110
217
222
108
248
240
104
169
110
240
165
109
247
173
114
184
126
217
127
221
88
151
255
176
218
85
50
90
84
13
95
138
13
20
8
74
44
202
4
96
13
10
104
109
29
253
96
202
102
106
74
111
121
189
204
63
236
77
111
185
121
234
239
48
175
232
104
222
100
245
223
111
214
127
150
223
148
218
245
79
179
252
91
155
85
247
202
205
213
141
8
150
47
68
144
96
68
180
101
154
189
32
210
89
96
213
77
241
235
9
220
238
14
112
111
84
240
100
239
221
32
173
183
105
110
63
254
122
84
208
117
14
25
179
217
156
94
234
204
213
124
138
12
74
140
132
184
142
68
239
116
76
183
230
126
175
96
205
41
32
78
219
105
242
74
119
245
16
115
122
223
233
228
118
168
96
243
105
228
240
245
112
252
15
58
20
74
219
214
82
82
29
219
81
214
216
88
137
208
21
138
51
136
73
101
18
15
47
236
223
107
233
90
96
175
214
172
101
84
207
106
83
191
251
78
111
109
116
179
104
166
114
106
236
44
238
216
91
94
80
16
76
206
223
17
77
28
186
21
216
23
246
141
209
187
121
196
150
166
200
212
41
29
122
32
214
120
224
230
200
107
166
202
238
213
79
232
219
76
243
37
31
248
96
182
229
107
63
101
107
207
89
58
146
201
210
78
20
147
208
88
221
127
147
188
213
81
157
111
132
86
38
73
79
228
253
206
224
187
17
160
240
211
238
238
79
183
251
76
154
238
210
92
107
255
108
238
114
106
41
176
116
106
243
87
219
220
213
141
10
89
18
141
142
158
93
79
120
209
92
218
124
158
72
118
187
77
121
122
83
236
233
209
182
229
114
149
108
173
155
177
217
83
172
184
206
253
238
119
219
238
112
108
234
121
173
232
243
24
248
177
210
82
27
79
19
84
140
147
217
215
214
94
220
149
111
157
82
60
116
219
88
89
87
182
115
18
252
107
115
191
47
240
243
48
241
221
115
48
93
219
237
95
191
119
94
178
112
95
110
47
120
252
43
58
151
120
91
63
204
16
88
144
87
79
249
151
209
246
87
220
156
51
17
27
112
85
250
243
83
250
240
242
85
245
241
59
117
113
255
245
43
93
250
240
55
152
244
109
151
254
110
52
120
187
114
48
118
252
250
220
184
28
12
22
27
206
219
208
141
124
95
78
57
56
211
184
253
214
127
116
151
190
212
254
57
93
125
89
115
46
222
241
105
116
251
42
239
214
241
50
248
124
248
218
112
175
81
54
124
52
184
89
244
95
29
210
170
212
204
122
185
21
148
215
180
95
13
56
247
218
145
174
126
23
121
221
217
254
15
250
83
247
206
124
119
18
117
170
223
95
233
46
120
238
114
187
107
253
61
118
115
216
156
243
218
251
159
243
250
93
187
186
55
29
86
251
144
179
11
30
217
152
145
156
217
91
254
220
27
235
206
118
187
184
83
243
144
240
86
178
80
49
222
180
88
246
178
90
220
182
244
125
182
127
111
248
218
112
180
221
94
245
219
216
251
143
90
28
210
217
186
209
123
53
217
62
115
113
152
52
174
148
112
24
124
84
121
148
183
145
111
154
244
246
246
114
55
156
89
109
148
146
219
209
189
214
84
147
119
52
77
247
108
181
222
123
121
244
243
215
218
50
86
144
249
24
206
253
119
148
219
110
220
254
236
108
121
47
244
241
46
57
121
57
240
182
216
29
116
58
250
92
154
49
124
87
236
146
246
57
213
29
28
152
254
79
158
88
27
203
27
31
205
79
86
254
203
59
205
249
214
90
152
122
255
255
95
110
118
59
48
245
45
126
115
245
49
127
178
254
107
190
48
242
108
108
91
167
159
175
221
49
117
126
222
189
174
206
242
81
111
209
52
93
218
181
21
247
141
45
209
251
15
48
218
95
214
248
181
24
251
61
109
94
253
54
245
239
89
119
186
115
218
220
180
255
223
86
59
250
253
85
120
235
117
157
174
174
120
91
48
248
59
81
252
219
122
213
30
17
30
214
149
188
216
148
218
115
77
183
82
191
91
250
24
142
253
157
127
210
87
250
247
109
255
255
239
125
254
231
239
126
223
107
94
121
118
221
156
56
60
187
113
29
28
245
245
236
178
238
118
47
58
46
93
124
223
249
142
216
86
82
86
81
147
158
188
15
119
59
252
82
234
217
86
255
255
209
85
153
15
157
94
184
90
121
87
244
239
40
121
115
239
123
244
49
247
85
126
220
145
118
187
140
31
112
125
94
103
122
247
177
241
54
51
221
219
223
220
16
18
221
147
149
255
220
89
57
250
126
111
216
213
246
144
144
203
214
218
218
15
95
251
18
122
236
250
222
230
190
56
232
127
215
115
249
83
53
184
211
120
117
218
53
173
253
241
238
119
30
110
219
93
155
218
90
215
63
144
89
181
26
95
251
255
93
220
214
218
12
78
154
43
141
210
243
21
190
234
94
221
114
107
210
106
245
83
251
117
31
191
244
29
212
241
170
85
43
253
110
119
118
184
94
179
209
88
122
23
213
93
156
214
92
117
155
222
115
207
94
223
212
10
156
230
9
27
238
146
49
240
45
148
117
165
208
240
104
81
85
241
253
62
95
107
138
117
230
211
48
238
90
253
240
243
84
217
115
15
121
179
79
62
186
214
24
217
120
87
223
253
141
80
21
137
42
179
10
246
215
55
237
111
109
206
102
115
213
102
186
77
121
123
117
127
244
246
140
41
235
89
236
107
150
112
174
188
217
56
93
209
248
185
76
254
62
207
250
217
21
18
159
83
210
78
138
21
165
10
92
30
213
111
242
42
85
125
100
215
245
228
208
82
240
119
29
114
107
144
252
224
17
242
101
187
22
236
46
89
30
247
212
211
236
123
146
115
254
214
219
57
208
208
87
143
8
132
32
151
21
208
80
205
224
117
237
18
234
31
218
96
254
68
253
92
151
243
170
216
218
43
108
122
235
109
219
108
170
249
189
46
89
27
246
114
211
117
115
211
63
254
144
140
90
74
68
138
32
10
26
25
210
17
224
63
242
93
224
76
85
96
208
68
250
24
74
51
108
210
125
228
42
210
100
237
77
245
230
86
185
45
150
26
118
49
140
188
184
210
83
242
209
138
77
196
37
255
117
142
74
215
110
169
165
171
243
104
95
101
251
74
86
10
88
84
114
118
116
232
106
242
42
43
82
243
178
57
127
45
254
27
115
62
210
79
85
78
76
142
76
132
32
154
22
235
9
202
62
115
248
174
233
109
127
224
235
202
106
12
9
25
109
220
222
106
107
244
224
105
190
243
186
254
156
110
153
92
120
48
215
222
80
4
72
9
136
38
220
40
144
108
211
44
107
126
217
253
251
210
96
93
84
145
217
214
63
238
148
186
115
104
109
230
107
219
237
246
123
210
113
137
82
151
27
79
27
145
4
207
32
132
96
208
29
68
36
102
88
233
235
149
209
32
122
217
174
82
82
61
102
217
252
230
24
106
40
224
78
164
94
253
77
110
200
202
149
68
12
196
32
68
51
143
244
132
100
233
18
110
116
251
78
38
124
82
185
220
204
59
101
248
171
234
110
241
100
100
62
234
126
248
93
236
76
85
151
210
12
74
56
145
30
153
90
154
89
172
218
235
26
63
13
27
86
218
254
84
211
219
252
92
255
114
253
115
243
229
235
44
107
241
177
240
158
24
28
14
219
80
83
122
217
219
154
244
221
121
124
52
120
243
94
121
245
215
88
158
156
78
79
63
76
88
247
126
88
240
231
222
107
183
116
188
240
220
26
56
63
85
254
246
91
93
88
90
146
59
82
17
222
213
249
90
241
185
93
245
241
251
21
242
90
254
91
244
191
16
56
54
95
92
115
245
119
236
238
92
112
238
210
93
110
153
92
187
29
147
116
236
25
82
87
145
204
93
82
23
214
125
155
247
244
57
178
247
242
77
114
124
26
184
240
241
29
103
251
252
114
118
218
124
245
120
188
50
253
53
121
45
84
84
115
218
213
243
215
26
216
29
185
206
245
80
20
151
51
143
117
188
93
249
120
239
82
52
114
252
188
173
255
92
125
105
188
90
176
111
217
45
105
119
248
104
220
52
174
19
174
75
175
210
159
125
217
83
248
60
83
117
212
60
213
122
85
22
27
60
19
122
179
187
184
171
251
120
106
123
122
253
242
117
56
43
252
189
175
248
122
94
52
91
217
181
248
211
116
249
141
219
48
13
81
249
212
84
250
218
153
222
240
207
90
120
150
189
248
190
88
51
51
239
182
235
126
247
113
233
184
182
253
47
62
106
246
159
185
241
91
118
88
93
208
216
215
149
80
82
220
213
125
216
89
216
126
220
216
56
14
121
249
253
191
110
22
49
56
106
216
183
233
146
40
122
111
217
43
254
247
90
179
155
121
23
121
212
242
147
39
213
222
218
191
211
178
124
254
221
188
123
183
252
222
221
187
86
118
105
114
150
249
47
221
92
252
183
151
58
93
90
158
107
189
120
221
210
25
92
86
252
120
214
204
121
121
232
125
217
217
170
248
116
30
87
91
243
63
159
50
214
85
244
58
26
88
175
89
179
122
27
250
221
158
220
89
82
205
80
145
83
244
62
214
43
117
120
176
238
216
220
239
21
250
214
251
156
113
118
57
113
108
243
186
51
149
83
88
206
217
189
76
80
80
57
149
109
121
95
115
106
239
181
236
117
18
242
88
124
156
60
208
124
241
55
156
240
238
127
47
255
211
246
208
13
146
63
144
74
118
208
83
253
245
85
118
102
246
172
236
171
221
54
238
79
57
153
214
213
51
92
221
178
174
245
107
50
118
223
241
145
18
148
18
206
74
126
73
89
91
182
213
117
101
117
108
233
182
246
63
110
80
91
189
83
157
56
122
217
179
238
246
42
109
119
179
252
157
21
219
31
136
79
251
74
244
90
158
84
109
108
119
174
241
251
118
59
248
208
122
149
15
247
89
213
249
119
63
115
238
173
255
115
25
251
20
190
61
204
76
121
210
118
149
245
89
116
100
250
191
112
248
56
246
93
208
87
113
76
216
127
214
121
50
126
121
173
109
157
45
222
19
154
94
253
18
202
122
83
63
246
86
223
246
104
111
219
172
246
29
108
249
78
123
123
81
93
242
140
24
107
255
154
235
184
125
108
110
142
156
190
83
115
87
202
30
221
27
250
253
152
215
96
236
86
173
183
217
111
245
16
207
109
94
81
48
148
87
174
108
255
59
239
252
172
107
208
207
112
21
89
54
73
207
118
215
159
191
158
213
102
234
63
116
43
220
253
101
83
205
184
117
78
50
183
76
126
102
253
124
233
183
189
41
113
79
255
221
78
184
247
68
16
243
79
125
175
147
125
100
102
142
233
238
81
251
46
83
210
249
216
205
220
249
80
91
168
247
159
38
110
244
173
112
152
92
221
79
158
211
13
80
218
214
213
242
189
125
105
115
151
236
239
25
119
255
123
19
184
88
84
147
119
156
220
250
241
236
48
110
242
186
46
247
29
217
84
219
118
77
208
252
20
145
118
186
84
181
111
213
118
113
187
93
248
115
217
60
249
85
124
152
25
251
252
243
250
240
113
44
173
118
118
245
253
85
159
43
204
12
127
213
206
121
223
14
121
246
91
249
108
251
156
113
247
186
115
223
221
157
191
223
111
157
127
248
251
112
237
46
189
248
176
244
120
90
214
121
248
203
189
211
17
147
115
145
245
240
25
122
113
181
250
243
219
114
157
122
215
125
92
29
189
253
245
62
117
119
241
107
116
112
235
31
118
151
89
144
119
149
71
92
127
80
220
245
86
245
246
61
178
53
126
113
243
148
251
245
90
91
116
59
18
122
180
243
94
116
42
254
244
171
92
254
118
154
210
20
79
51
152
75
250
223
82
191
110
86
116
248
125
179
252
243
117
61
213
243
93
93
29
220
156
123
215
233
108
221
123
106
250
50
243
218
247
22
21
85
19
144
60
185
72
152
244
216
90
107
214
116
250
61
238
26
156
109
218
81
241
254
215
119
221
58
118
218
235
242
214
118
245
220
61
190
82
220
210
152
215
16
204
49
189
74
181
247
207
241
174
88
247
255
115
185
92
188
235
143
253
239
25
223
124
191
115
93
223
230
124
187
238
114
188
112
184
126
219
87
151
82
138
95
114
8
78
110
87
213
46
153
124
180
118
178
123
211
42
251
83
239
126
217
219
181
245
119
82
42
240
250
241
109
184
54
114
127
159
217
83
216
201
143
44
201
72
243
221
138
108
188
90
171
250
238
55
92
236
171
204
121
180
92
212
61
249
125
218
47
234
122
108
43
114
241
111
219
51
84
83
216
9
202
230
68
9
40
23
137
234
190
86
230
120
115
53
114
237
247
210
114
251
212
25
223
186
255
60
106
241
240
102
175
252
233
48
92
157
254
205
79
80
22
182
4
10
96
73
200
101
123
210
229
114
89
243
108
237
17
151
169
221
74
250
118
24
216
174
177
116
234
232
173
122
230
179
150
254
122
142
206
141
126
76
132
252
102
132
212
224
72
114
224
142
119
235
50
95
87
119
178
212
77
248
248
88
218
43
189
239
238
107
183
237
102
91
250
119
29
137
14
138
91
10
196
245
94
68
115
235
138
102
166
209
114
102
118
215
245
54
188
216
81
94
223
220
153
116
52
234
233
240
236
230
242
121
118
241
26
205
19
144
76
152
132
89
119
202
151
238
85
56
228
122
84
229
108
19
48
247
213
251
93
79
62
244
91
153
240
44
49
242
238
234
239
184
239
121
63
92
209
202
90
81
208
10
84
183
209
202
102
95
211
232
42
209
108
38
16
60
234
88
23
119
86
221
120
253
84
181
107
124
243
239
246
247
241
116
125
61
121
18
84
219
17
136
88
63
138
89
178
81
211
41
127
80
234
112
85
111
43
206
114
45
87
30
109
219
87
177
126
88
248
243
154
182
246
252
56
51
252
118
248
125
26
252
223
83
85
82
25
13
85
92
204
85
239
208
213
238
60
152
113
112
30
111
113
188
111
113
219
49
115
82
122
50
208
214
112
90
19
243
157
92
250
116
250
58
111
255
185
239
90
127
54
91
152
124
86
85
186
217
82
62
246
29
219
175
245
221
117
172
63
94
108
62
80
116
244
208
89
247
84
125
248
213
54
179
216
244
113
58
248
48
55
120
237
117
247
185
238
180
250
250
45
245
59
46
254
241
117
217
57
223
206
31
15
17
78
217
207
211
252
91
213
222
114
220
124
115
180
124
59
107
148
187
235
84
127
44
91
122
171
141
238
113
153
179
179
254
182
252
245
250
147
46
83
212
238
208
86
114
84
153
241
146
59
121
86
183
123
24
254
245
155
157
245
127
223
94
239
220
25
239
180
91
45
172
95
113
240
94
52
243
212
55
214
93
124
139
183
147
122
23
23
95
255
82
127
183
147
252
242
87
214
174
219
20
112
124
87
242
248
91
183
112
245
126
42
52
217
103
188
218
240
115
216
122
250
84
156
156
155
16
84
61
78
190
150
82
113
23
