25968 0
23860 -27851
-25595 -12238
26336 -22491
-14045 20756
-2170 -10036
-4153 -20859
-17338 15891
-20779 31782
-19223 -4210
-31042 -19190
26302 -27862
9701 20884
-12152 11030
7272 -11744
-2266 4527
-16430 12720
-26034 30011
-3616 -18646
-13770 10470
22061 15820
15616 2464
15654 20874
5707 1934
-3361 6198
-2258 -18393
-7327 6785
-3856 -1298
1639 8812
3566 873
-6249 7784
-5184 30333
529 0
-5184 -30333
-6249 -7784
3566 -873
529 -8812
-3856 1298
-7327 -6785
-2258 18393
529 -6198
5707 -1934
15654 -20874
15616 -2464
529 -15820
-13770 -10470
-3616 18646
-26034 -30011
529 -12720
-2266 -4527
7272 11744
-12152 -11030
529 -20884
26302 27862
-31042 19190
-19223 4210
529 -31782
-17338 -15891
-4153 20859
-2170 10036
529 -20756
26336 22491
-25595 12238
23860 27851
