253
61
191
59
157
50
132
4
132
4
132
22
9
134
34
171
148
32
160
232
32
160
226
36
165
37
221
142
27
143
198
73
90
12
207
237
238
101
34
96
224
224
160
224
226
165
105
30
200
70
196
132
68
196
132
68
196
6
6
6
27
162
205
244
160
18
155
226
127
152
101
113
94
112
123
240
251
60
174
109
189
240
101
181
114
232
235
232
233
101
234
105
45
46
120
90
87
207
73
73
137
70
198
137
204
140
80
84
142
13
137
50
120
68
58
181
198
15
171
86
126
162
229
229
162
98
226
229
101
105
112
25
216
89
73
204
209
17
254
250
238
229
229
100
228
165
235
238
186
16
207
73
70
198
73
6
73
16
15
77
14
201
58
164
200
91
165
14
208
233
55
155
100
104
239
226
106
233
237
48
250
124
27
207
24
213
205
215
249
241
47
233
229
101
101
229
107
236
245
90
213
209
15
137
12
212
209
83
61
61
213
146
14
136
40
80
196
62
83
198
17
180
254
52
226
235
36
162
104
107
241
119
18
153
77
201
148
76
204
188
109
237
229
98
226
226
226
228
229
236
117
223
17
79
210
76
209
212
89
222
154
212
147
137
134
14
169
68
198
158
9
72
89
54
248
100
165
110
224
229
53
245
115
211
201
90
205
204
158
216
184
229
162
162
224
96
96
98
100
109
243
251
16
73
73
79
140
80
154
219
30
191
22
13
201
4
132
237
198
132
214
77
198
21
110
111
98
160
44
96
160
49
213
120
88
134
12
81
200
89
242
121
100
224
32
224
224
96
228
101
118
145
210
200
68
70
72
137
78
255
124
52
174
255
84
201
68
68
8
186
4
68
154
13
140
109
36
165
32
224
234
96
162
79
73
157
72
196
137
83
137
249
109
229
96
96
224
96
224
162
123
252
206
9
198
6
70
72
13
213
51
104
232
101
104
117
212
201
68
4
132
24
137
4
19
106
82
240
224
34
224
32
105
101
96
18
70
9
76
68
4
206
201
114
242
237
224
224
98
226
98
40
123
118
80
80
207
141
13
210
183
236
233
229
101
164
106
156
85
137
132
196
132
68
196
20
175
8
50
226
100
226
96
34
162
96
124
208
234
84
196
4
207
70
6
207
91
44
228
49
101
224
34
242
109
37
243
89
216
93
119
87
81
56
104
238
52
100
98
235
242
50
191
205
73
137
200
198
196
4
86
169
9
221
162
47
249
104
107
177
36
246
207
108
216
200
73
148
201
200
151
211
255
173
125
114
101
100
165
234
98
228
101
37
104
104
239
254
117
113
115
52
108
105
110
51
182
61
19
144
73
6
70
70
68
134
29
147
198
62
245
87
124
177
54
241
233
18
219
235
17
204
84
87
205
15
214
215
48
236
249
100
160
98
226
224
32
226
229
104
237
112
216
214
125
126
255
57
240
241
251
219
216
14
9
201
70
132
6
4
132
20
204
70
19
92
84
154
237
52
44
162
95
113
233
62
207
83
254
143
85
220
255
108
233
232
98
160
96
226
162
96
229
169
108
175
125
212
82
214
90
152
214
182
242
92
27
91
84
9
73
136
4
4
4
68
9
209
4
73
51
25
90
107
37
234
98
239
114
101
119
83
88
185
208
13
248
91
119
173
109
229
226
34
164
226
96
229
100
229
241
121
216
83
143
209
143
210
254
88
154
249
123
152
76
208
201
196
196
132
4
132
22
70
132
118
118
153
104
165
169
34
226
124
104
229
87
205
247
23
205
218
20
127
107
111
236
98
224
228
34
160
162
100
101
45
254
87
79
201
82
16
14
158
246
188
91
241
216
201
73
134
4
68
132
132
132
142
68
200
115
117
183
229
100
165
96
229
46
34
101
217
85
239
88
78
219
23
120
111
243
234
224
96
162
96
224
96
224
228
236
115
255
12
9
14
73
200
201
78
77
14
213
80
204
201
77
134
196
4
132
9
137
68
77
61
27
26
232
229
98
224
101
98
160
228
178
105
107
211
80
79
146
223
85
92
101
98
162
96
160
96
96
224
36
229
243
81
73
70
6
68
196
196
8
72
9
145
27
218
17
208
137
198
134
82
198
132
137
206
207
56
44
104
32
224
100
224
224
226
112
171
252
216
206
72
210
251
82
213
36
32
226
96
160
224
96
34
101
100
240
73
6
134
196
196
68
4
136
201
76
210
94
155
148
204
70
134
84
134
68
9
77
73
222
235
238
224
160
34
160
224
226
234
233
126
146
212
73
136
211
214
84
113
232
98
226
96
96
32
160
98
100
229
113
207
200
198
134
4
68
4
134
134
134
76
80
85
205
76
204
82
156
73
73
141
77
81
91
91
243
226
226
165
226
96
162
104
170
175
176
252
78
144
188
220
210
254
106
229
229
98
98
224
96
162
226
226
40
250
152
206
70
4
68
4
68
132
132
196
198
201
78
211
147
125
175
122
19
81
210
80
78
76
142
123
49
244
109
100
162
34
226
228
34
226
229
108
42
110
250
250
118
182
115
114
176
104
104
101
36
100
229
40
40
176
93
79
12
198
4
68
132
68
68
196
134
198
204
80
209
146
31
29
20
85
79
210
222
95
218
246
233
104
232
229
37
100
98
228
229
37
101
233
235
46
181
246
110
175
246
114
41
101
168
105
40
104
234
240
254
154
20
12
8
6
198
198
198
134
70
73
73
13
22
215
154
218
215
83
88
152
151
209
208
19
88
127
124
119
44
233
229
100
98
226
34
226
226
229
41
235
109
241
251
124
179
113
48
113
47
172
110
237
111
50
254
186
223
208
76
137
9
136
198
136
73
9
13
212
222
152
158
123
59
126
218
213
211
14
204
73
207
207
80
86
22
92
175
232
104
229
34
98
226
98
165
101
229
43
114
115
248
158
223
223
254
191
248
241
112
178
179
51
54
94
215
144
146
12
9
201
137
140
141
208
84
216
221
31
244
250
124
159
185
91
220
146
217
82
152
79
23
211
157
85
221
184
121
252
184
243
114
175
111
106
233
236
106
170
236
111
240
244
250
251
151
83
17
206
205
143
206
81
23
217
27
125
116
182
52
176
182
113
57
121
92
95
151
156
149
94
153
252
252
247
114
48
177
116
111
183
188
220
211
148
207
77
137
77
17
77
209
90
188
250
120
119
244
241
245
251
56
94
149
215
20
207
208
84
147
212
94
222
255
242
108
108
41
233
232
37
40
106
46
237
174
244
58
122
58
248
123
190
59
123
126
248
158
255
60
221
28
26
153
219
85
149
84
22
207
15
17
206
73
73
204
201
14
201
207
207
81
144
88
255
247
120
113
110
45
43
237
42
110
111
240
46
114
177
246
111
174
44
237
106
101
108
169
171
169
239
46
111
114
250
154
186
216
254
80
94
210
62
88
214
157
20
219
140
26
201
209
8
13
200
73
200
201
140
9
207
16
127
92
249
56
242
234
108
104
169
101
232
234
169
235
236
115
51
244
243
123
120
241
110
173
169
165
101
104
37
233
41
112
241
250
122
220
28
20
20
208
143
144
207
143
207
84
79
149
79
146
80
210
16
141
206
141
79
205
77
206
209
92
254
250
245
116
244
234
232
101
233
104
107
107
109
241
182
55
58
186
116
55
57
248
246
240
175
235
107
42
44
42
111
114
250
252
151
212
81
79
78
76
137
141
145
17
85
26
252
92
247
252
126
219
217
211
80
142
9
137
77
149
89
126
90
254
248
42
104
101
229
104
232
41
235
115
123
218
147
85
152
147
20
89
95
122
109
106
232
168
233
42
42
239
251
215
210
14
12
205
141
141
209
216
94
59
249
121
115
245
222
216
144
141
201
198
200
207
18
82
210
18
87
240
229
229
229
165
41
229
104
241
92
218
83
22
158
217
89
93
253
50
168
229
229
229
101
43
111
250
88
144
204
73
204
15
142
80
150
28
123
250
250
127
218
212
207
9
70
132
12
152
218
213
13
143
242
101
228
101
101
236
104
229
109
222
86
23
156
243
49
254
222
174
107
36
228
98
101
101
170
121
159
209
73
73
12
204
77
143
208
80
89
159
255
118
219
80
201
201
6
132
210
29
60
254
147
27
238
34
162
100
162
232
232
100
108
89
209
208
24
127
107
159
88
240
235
37
226
100
229
229
229
110
254
92
14
76
146
78
12
143
206
13
204
80
81
211
214
141
70
6
132
8
176
44
246
207
14
246
100
96
228
101
101
235
98
162
117
82
76
88
116
233
232
154
60
232
101
226
98
168
111
176
173
247
62
86
205
208
154
82
210
21
207
208
210
19
14
142
76
201
70
132
4
154
43
107
62
201
78
241
32
96
104
104
250
250
226
232
94
207
82
61
106
98
168
221
237
37
229
96
162
47
251
50
114
56
255
212
201
217
114
185
120
250
215
208
19
206
201
73
134
4
132
9
165
37
216
68
196
222
96
224
37
250
18
208
98
224
87
196
68
137
241
162
228
252
28
105
101
226
98
237
120
171
229
171
48
90
16
212
111
240
120
118
216
17
213
145
136
72
68
68
132
37
32
34
20
196
4
242
32
224
106
248
77
73
98
226
72
196
4
70
61
96
229
93
239
34
229
98
228
87
205
240
104
172
44
156
14
85
45
155
147
152
210
76
219
217
134
68
196
18
226
96
156
68
196
89
160
160
160
238
95
85
101
226
85
68
4
70
120
98
98
108
244
105
228
34
34
124
201
149
44
104
37
242
19
82
62
221
73
70
70
68
134
70
132
21
160
32
229
6
196
4
95
224
160
224
101
91
234
224
229
88
4
4
4
118
226
226
104
101
229
224
96
160
254
137
201
154
101
165
120
84
28
255
223
80
4
68
4
132
45
224
32
174
73
196
20
98
96
232
207
201
201
101
96
105
137
196
198
20
229
165
179
125
101
98
224
96
228
251
215
126
218
123
136
68
132
9
78
16
137
4
196
15
165
96
228
60
68
6
105
96
224
224
172
201
52
98
228
169
84
70
8
108
226
229
229
47
105
34
224
96
162
126
210
72
85
201
196
132
68
4
196
20
86
48
140
205
132
83
229
37
101
105
239
81
47
107
121
157
212
201
14
101
226
160
224
96
226
96
96
32
226
111
253
85
243
83
77
136
198
4
68
6
137
26
190
90
145
78
184
241
229
43
54
9
6
70
201
211
86
207
201
205
84
249
108
237
109
237
226
224
32
96
226
169
239
187
21
15
8
200
70
72
78
218
248
155
218
217
121
116
47
112
238
113
118
249
220
84
146
148
82
73
9
73
77
219
113
112
240
233
229
98
164
101
178
249
219
25
26
29
90
216
222
124
126
87
82
140
14
80
14
207
206
213
92
241
172
110
244
246
247
61
252
93
221
90
222
190
25
26
28
127
127
120
243
112
235
233
107
109
238
249
90
92
158
126
191
62
152
89
250
54
126
83
137
198
72
73
14
208
85
154
250
240
45
173
239
240
89
85
86
27
187
241
235
45
106
233
237
117
119
252
94
254
119
179
47
241
51
118
51
120
89
86
215
213
220
254
28
212
19
152
214
218
84
16
142
20
150
93
188
124
249
119
241
118
56
120
244
180
176
241
119
95
119
177
116
181
114
244
49
106
101
233
105
242
54
179
59
183
81
147
205
143
81
210
78
207
21
85
92
213
24
209
84
82
16
14
18
18
87
182
171
168
165
232
108
107
108
108
242
245
115
47
40
229
168
172
240
116
123
60
94
215
153
254
221
95
254
149
208
18
14
73
201
201
76
210
216
155
220
249
218
82
80
144
150
252
179
117
53
50
235
168
229
104
238
117
238
169
168
236
47
52
109
232
168
174
244
95
93
88
88
208
205
201
137
73
73
201
204
83
216
92
216
86
212
212
25
20
83
212
220
185
110
46
45
47
108
237
174
235
177
44
108
101
229
37
229
233
113
185
155
90
20
84
206
210
142
62
219
252
214
146
201
140
77
207
207
144
81
150
219
221
218
155
86
89
120
110
173
237
43
235
108
238
175
180
53
122
124
158
119
181
111
243
251
27
85
82
211
85
212
206
80
81
252
117
244
251
181
241
109
48
121
92
219
30
189
56
252
91
220
30
31
92
188
124
183
118
56
251
254
159
221
91
87
209
78
140
76
209
23
220
53
111
109
173
237
242
252
252
30
254
218
219
154
123
117
50
112
108
236
173
46
184
88
80
201
204
145
80
78
73
14
145
117
108
108
113
109
232
165
229
106
27
210
79
89
158
58
214
84
218
52
175
236
235
111
46
242
218
211
205
9
134
9
140
73
73
201
73
204
222
118
110
98
224
160
224
162
229
48
244
82
14
137
201
201
21
122
241
173
165
228
98
32
98
236
254
137
6
132
4
196
68
68
68
70
73
185
240
107
98
96
96
224
160
229
60
91
78
78
141
73
137
19
120
239
171
229
228
32
96
96
162
235
149
8
198
6
134
68
196
68
198
76
183
117
107
100
96
160
224
224
101
54
219
204
73
136
6
198
73
205
215
119
43
101
226
160
224
96
42
221
9
134
8
198
68
68
196
73
143
248
119
110
98
224
160
96
226
37
242
92
204
70
70
70
200
76
205
85
54
106
101
162
98
162
34
232
30
136
68
196
6
198
68
68
4
201
88
244
239
98
96
224
160
224
34
101
237
84
73
70
68
70
201
137
9
82
245
169
226
160
96
96
96
165
156
134
68
68
68
196
4
196
4
201
252
170
234
96
224
96
160
160
226
106
241
18
198
68
68
68
8
137
73
146
106
226
32
224
224
160
96
226
220
70
4
68
4
68
196
68
196
132
142
182
239
98
224
32
96
32
224
228
101
110
201
132
68
68
4
137
73
73
121
228
96
224
160
160
32
96
106
208
198
68
132
196
68
4
196
68
68
148
172
101
96
96
160
224
224
96
236
51
87
198
196
196
196
196
201
77
85
171
226
160
32
96
224
160
96
168
86
200
68
132
196
4
68
196
196
196
206
178
101
96
96
160
224
224
34
101
242
91
12
136
70
70
134
70
137
209
254
236
226
32
96
224
160
32
226
42
220
72
196
68
68
196
196
4
132
72
149
124
174
101
229
101
100
164
101
233
108
245
62
219
82
81
142
14
209
219
242
234
229
101
36
162
100
101
232
240
89
143
17
208
9
70
198
196
70
201
9
78
218
119
241
101
229
165
101
232
172
109
240
251
152
147
210
90
183
112
237
239
109
234
37
165
229
168
234
110
118
216
81
208
201
137
200
6
132
70
136
206
254
50
108
104
165
228
228
229
106
175
115
251
92
85
19
147
213
219
61
117
112
235
104
101
101
229
37
108
187
82
137
72
137
70
68
68
68
198
201
83
246
234
37
162
34
98
100
228
170
242
249
91
83
82
21
20
84
155
244
107
101
36
226
226
162
100
233
112
158
205
6
68
4
132
68
196
198
70
137
92
113
101
229
101
165
229
229
101
40
245
221
86
84
17
208
144
84
215
246
101
228
98
98
226
36
229
235
245
21
9
70
4
132
4
134
72
136
204
205
81
117
235
101
229
37
228
37
172
108
243
85
209
207
207
80
210
25
122
248
234
228
226
98
226
228
37
171
123
211
201
134
196
4
196
6
137
73
137
210
208
213
179
108
229
232
101
165
107
177
237
185
214
219
31
251
126
157
119
115
243
229
100
165
228
98
165
101
174
123
213
73
136
70
132
68
72
9
70
72
73
204
63
177
109
172
107
165
101
243
53
240
122
248
117
249
216
151
252
111
117
45
229
228
226
98
164
37
106
113
191
208
73
198
196
132
6
200
68
196
201
137
88
181
112
165
228
226
34
107
241
169
243
94
151
85
209
19
218
121
248
48
229
98
98
34
98
226
100
234
55
80
70
196
4
196
196
68
4
6
13
137
219
175
110
228
98
98
36
105
233
232
246
90
216
211
15
205
146
253
48
101
226
224
96
160
224
226
36
110
154
206
198
68
68
4
134
4
4
70
76
200
86
112
235
226
96
96
228
101
229
47
143
145
219
78
201
77
23
221
173
164
98
224
224
160
96
226
162
169
213
73
134
196
132
68
68
132
196
73
137
200
248
108
101
224
160
98
228
34
101
124
80
153
219
73
201
206
84
216
48
165
228
224
96
160
224
96
98
241
84
13
134
4
132
68
4
196
196
73
72
73
238
174
101
160
224
98
98
96
229
251
28
190
216
77
73
204
210
155
115
43
228
224
224
224
224
224
98
109
251
21
198
4
132
68
132
132
68
68
201
137
216
117
44
224
96
98
226
96
34
43
244
218
211
82
73
6
207
93
159
242
37
34
224
224
224
224
162
229
111
28
81
201
196
68
68
196
4
68
134
205
201
81
110
235
229
32
224
98
32
34
44
243
121
23
81
78
204
82
220
89
159
108
100
226
226
226
228
229
101
111
60
90
16
73
200
8
132
68
6
134
70
142
86
208
30
109
114
235
98
101
106
34
232
118
47
113
30
118
244
90
154
127
94
255
243
178
178
239
239
49
49
239
112
241
118
28
215
215
84
79
76
12
9
73
79
205
76
214
222
214
222
50
181
114
107
44
107
101
169
108
105
239
54
115
126
85
30
216
206
84
90
20
214
190
124
249
113
239
48
108
236
177
242
118
93
29
93
151
88
85
81
148
218
88
21
222
56
249
182
239
242
119
179
51
121
117
55
90
88
254
219
87
217
90
93
252
222
62
182
247
247
116
51
244
52
52
116
242
113
242
182
245
179
244
248
54
243
52
50
244
245
118
252
31
220
213
19
16
14
76
205
206
205
208
88
219
220
124
247
117
116
176
114
55
115
181
185
244
117
122
54
119
121
177
184
248
112
176
177
174
238
176
246
250
250
156
30
90
207
214
212
81
84
84
147
221
151
22
93
89
156
124
61
222
251
188
156
254
123
251
95
248
246
59
247
176
116
50
171
109
110
236
114
53
245
253
62
218
87
89
145
144
145
85
23
20
83
215
86
86
190
159
219
251
124
216
159
251
25
127
121
95
252
246
122
187
114
239
115
45
43
245
110
171
247
247
114
246
122
250
88
149
150
152
17
78
19
81
146
149
80
91
31
