0
0
0
0
0
0
0
0
0
0
0
0
0
0
0
0
0
0
0
0
0
0
0
0
711315
671965
746500
736950
748100
754575
1086915
888890
831250
608980
598615
419065
422930
349740
277410
263625
303465
83300
-810
-178640
-194515
-544835
-391740
-390650
-303970
-324085
-245935
-326820
-285870
-360790
-369415
-269785
-106600
-15670
188560
174265
325215
331590
400000
513470
508415
671065
684880
702710
818320
791955
636865
653910
637550
566330
531235
645615
358800
293390
-27840
-71385
-423935
-395830
-453730
-561060
-593765
-603285
-795320
-843670
-1049300
-1050835
-1263335
-1032520
-989990
-906610
-902885
-710335
-887200
-807210
-803050
-781055
-730785
-618790
-516460
-231580
-217055
-527835
-239260
-151580
-31300
8375
224315
260560
331810
308300
323275
346365
410740
493400
493560
499845
895365
699760
727120
799950
789635
453065
653910
678790
910700
897555
987915
799920
767840
531530
511855
287865
297810
280420
166620
145205
171365
-16830
-51830
-352550
-344525
-505135
-407630
-401770
-283200
-266015
-417335
-288830
-261630
-106250
-66825
108865
165990
206530
365270
393785
402965
489520
516290
592540
611255
890915
720830
680100
554600
551325
404465
372100
310510
296720
277865
221115
-35030
-142110
-402030
-424055
-784585
-765010
-819740
-898830
-923575
-1019685
-1114930
-1100120
-1326330
-1355065
-1367685
-1298280
-1252830
-1075820
-1098585
-1143485
-993390
-947840
-563990
-556805
-240385
-205090
-127180
-199150
-201025
9115
115950
219320
231270
220785
372265
409250
429720
533260
540475
413415
623470
622920
853350
861995
1064315
916060
882900
767680
757655
761665
710800
673460
560100
527545
517415
349550
275930
97130
74245
-104035
-134110
-188280
-225960
-239035
-417285
-344390
-351040
-415390
-419435
-297335
-334280
-286330
-247390
-249535
-219435
-83150
3680
176290
175165
429815
422050
492750
624050
617955
641415
674860
702560
852720
832695
736465
681080
646940
460350
431705
369015
192060
120060
-135710
-175925
-370585
-562780
-651260
-884220
-901725
-1133335
-1168370
-1216550
-1304380
-1295235
-1568985
-1435650
-1473900
-1420520
-1378305
-1383185
-1217590
-1208440
-1009300
-971105
-606685
-594370
-534470
-515490
-470535
-201735
-92240
-19930
222470
265145
367165
532200
547630
711390
741155
840315
907550
925010
1044990
1047165
1222965
1101130
1092710
945590
940765
979265
890140
845990
740600
730165
581615
443790
351050
255620
254215
-38935
-38110
-118580
-212010
-211385
-402935
-388250
-409000
-549210
-539465
-469135
-473910
-455250
-450190
-429845
-373785
-215720
-173960
91600
119335
368665
391500
424930
622620
636115
750265
800820
821500
918610
905105
1017615
879520
837320
661060
628235
569815
400940
308210
110550
72615
-136635
-365530
-495810
-750990
-773205
-1158985
-1175010
-1260950
-1448570
-1432465
-1719585
-1602340
-1659470
-1773950
-1733325
-1690435
-1629230
-1614070
-1436880
-1385705
-1128435
-1049160
-981300
-765770
-706845
-554085
-320360
-217990
78660
136645
430765
534350
591920
735910
768065
889765
937570
985960
1070080
1083875
1254515
1170280
1162340
1056490
1054055
977665
936370
897810
875470
866565
790315
618450
523580
382020
373405
98815
77570
14030
-97770
-97625
-197985
-234750
-276990
-497050
-482625
-557335
-458020
-445220
-339320
-309995
-188435
-108060
-95940
101590
138855
224965
380330
415550
690170
706855
979765
929370
930450
915310
904395
1055015
944720
911180
834310
801865
775665
584610
486410
262270
229315
-88835
-209470
-331940
-532060
-565165
-901035
-1001010
-1093200
-1330250
-1342165
-1484285
-1526000
-1526360
-1708570
-1706505
-1673135
-1738960
-1695720
-1611480
-1572065
-1629435
-1387100
-1324510
-923780
-873265
-894735
-610800
-527560
-357310
-305555
58965
141650
233930
344000
359425
747065
668840
702370
739170
746355
916765
894570
891760
1041720
1017905
856765
882400
850340
741550
712615
592265
595490
572030
454350
414895
388315
249510
221600
-6040
-16235
-8735
-33690
-32290
-12800
-11555
-154935
-71470
-46160
15010
39275
10065
166650
223560
399940
420075
501215
552880
596550
684600
707065
916115
866470
865630
918830
925325
930165
834360
780240
698640
689025
667665
503560
417400
224450
202445
-52585
-190350
-273050
-476750
-487885
-688885
-783020
-841050
-1045600
-1047985
-1252485
-1264480
-1273680
-1267170
-1238645
-1318585
-1189940
-1177690
-1057230
-1025385
-1061785
-922490
-867120
-719870
-694145
-315985
-366950
-299210
-197500
-184045
-129385
-47480
-880
83680
114455
193215
254060
258530
288800
298785
197815
217100
219160
157340
168045
222115
193780
187720
189640
195325
136715
139370
120060
109710
125635
186565
165860
157990
193320
192285
164365
165050
178410
140380
143265
150015
232250
265650
331020
327545
321315
396660
428320
473520
481385
616865
630230
663500
762380
771005
810965
806830
812500
793700
805905
849015
796220
771590
749760
757925
688715
525970
469080
342850
361585
226265
132120
55490
-76080
-80335
-344035
-355550
-419630
-490750
-524975
-617885
-664030
-691020
-712220
-779695
-794535
-723930
-706220
-684730
-751805
-600985
-578860
-541640
-509640
-563535
-668185
-429070
-387110
-376580
-432145
-307635
-311490
-271150
-228570
-266555
-44185
-168680
-128570
-84120
-87765
-27385
-80460
-55030
-105320
-102655
-238735
-130780
-107370
-55360
-84845
-108685
-57230
-10410
53480
34395
196965
173750
210570
262830
258605
418865
383250
390120
403170
401945
483165
432270
431440
380000
375085
240815
286700
290660
239790
256625
289815
283410
263380
286330
310215
220965
247550
223140
291490
297445
285115
284170
268310
278820
280805
319665
341130
321960
301390
310105
474365
350240
336580
237120
272265
479165
273340
250020
194160
238505
67265
72590
58810
111740
164955
-95935
-84950
-97020
-109400
-46875
-323285
-157350
-158150
-168740
-104205
965
-75410
-84120
-175520
-97355
-152485
-163770
-152210
-146200
-53105
-89035
-135130
-129170
-170430
-70015
-280785
-250710
-245660
-122390
-44605
-202485
-278110
-271780
-284690
-202265
-334485
-327130
-330830
-409280
-349625
-434785
-410010
-412830
-484090
-404745
-502635
-431390
-447260
-432750
-369825
-453635
-340320
-323280
-229430
-171855
-171035
-160820
-132220
-26200
33115
17865
123970
172760
198160
252285
217365
323850
381560
323900
365685
348565
356740
406930
461190
547815
295165
334460
318450
368980
483495
550265
258960
204240
137380
277905
252365
49230
-14790
-135670
43195
-31535
42950
-68180
-190050
17035
-164585
-45420
-169850
7400
215325
257465
69640
-58790
-31460
175065
317265
138710
10310
105000
236505
121365
211820
54420
87180
132705
94815
144860
29780
54190
42125
182865
213970
144730
-67580
-92475
132715
104580
14540
23310
-40005
-238285
-221630
-250760
-177080
-176785
-407735
-276680
-278850
-502610
-500945
-153685
-131910
-144870
-30100
-46265
-206135
-353580
-380210
-137050
-179115
-184085
-126700
-59420
-238310
-269865
-184235
11540
46230
21590
-108175
-35685
5750
86600
265440
164075
-23985
70530
171400
90920
64005
181715
219930
270240
139650
142405
-71485
-60050
-62960
16550
2075
49165
-214670
-202310
-225990
-174615
-97985
-167200
-208420
-163010
-138275
-2835
66180
-10290
47570
-885
61365
14620
-22230
80800
-8035
254615
183010
128780
62060
-44655
176965
162580
74660
124730
-4525
63065
32620
-10960
-144940
-247895
-61985
67610
69900
-160400
-272875
-218135
-118650
-69670
79590
-33335
-248185
-225950
-153610
-8240
-66095
-283035
-152000
-87940
-58190
-97595
-44785
-31800
-29710
-106700
-190095
145315
7460
-16980
44790
-38775
81265
34170
-2920
-22140
-78375
53415
163400
153720
4600
-72525
30715
176870
198810
247850
162605
173565
95680
118060
279100
239505
157465
173390
196400
179100
143915
407065
241880
247370
110950
52015
289865
42040
56750
92980
54515
-135435
13380
-3090
-45490
-95355
21415
-24340
-22990
104710
17885
-102435
-13700
2620
27040
-72325
136265
196320
214550
158760
56735
93815
219310
227460
219120
102395
72215
132020
148710
36830
-35185
-68535
-134880
-83080
-139350
-184505
-299335
-226700
-154800
-334630
-320335
-249785
-356480
-308030
-113370
-78745
-298085
-333290
-283050
-247250
-174595
-176085
-290990
-228450
-313190
-267715
-191235
-190960
-195630
-95600
-54035
-86985
-174300
-225010
-89890
9725
-108335
-88500
-153490
-358190
-294535
144315
157640
48430
47130
65815
126665
-105370
-243460
147070
182785
94265
298700
197050
-68690
-2965
320365
429970
325200
186590
185175
221815
204560
122890
252870
252815
-89635
75690
42760
35670
92195
147615
54270
36600
11610
84735
95265
141230
111970
31560
77985
220415
32910
19990
137070
160925
166315
80600
68930
137810
191955
-54735
204410
146750
122510
158775
44215
82380
36650
-15480
-47205
-30235
-14440
-16470
-110680
-188525
-10435
-146990
-128150
29960
-24485
-65485
-59720
-18780
-85450
-96215
-119535
10930
82230
-132980
-161905
-52785
-57300
-2060
114160
126915
-104435
-173640
-164250
34610
96865
-135585
-4190
-29650
-96350
-81905
94315
22230
-11590
-1070
-26405
153165
46410
24780
350
-49115
49065
149370
165520
90370
-12865
116115
94900
143250
279330
184845
60365
61640
166660
84710
78745
-244335
99750
194510
-84870
-92985
-142885
-85880
-8100
160000
164925
-271085
-322220
-239180
-102280
-20435
-68035
-121370
-42220
-213920
-92965
179465
5470
40140
29490
75765
97065
-59260
-2530
83810
176695
74015
-109590
-52210
-35230
107415
-232635
-15240
100
-158750
-16465
-109135
-136250
-162380
-16320
82195
-157085
-236480
-263280
-175920
-70175
-160385
-87090
-133500
-175430
-87655
89965
22590
-57610
-13060
27655
76815
126580
50260
40670
59385
345015
98830
57930
80890
58385
75665
211970
167470
182440
137355
220115
217230
181010
320670
257595
58465
299360
313380
117220
67025
273565
443310
443960
376250
304115
320265
218420
224570
375680
416485
192065
163040
144240
-17170
57425
247465
206930
194870
86770
162185
160715
-176600
-200150
-49220
9285
-261935
-163320
-148220
-171880
-140145
-155735
-199560
-171190
-130370
-126715
365
-115220
-60230
-126100
-66795
-165485
-33180
-29290
-137710
-156685
-215985
-174790
-163580
25610
69325
-285685
-328420
-342550
-300170
-204155
-411935
70300
20820
-246470
-201225
61865
-193390
-236200
17810
31155
-21235
-101280
-109740
-129830
-71455
126515
114960
117660
63550
89065
129465
32210
22250
138180
153125
74865
235740
225000
219590
263425
186815
223480
196890
198330
214065
319465
329430
302540
276250
262915
368015
303410
283350
362640
345245
424765
357160
361590
323440
296675
300815
431930
442240
365160
320365
174615
124470
135280
223340
215475
64015
70190
60190
-39270
-9525
63215
13730
-36300
-65910
-34085
59315
-171920
-253280
-167890
-127845
-112885
-71280
-161050
-233410
-201385
-29735
-128150
-220300
-189990
-212455
-124835
-76820
-146630
-147080
-171245
-263885
-71750
-137840
-131370
-172705
-75335
-10030
-35900
-116720
-117335
-173885
-103320
-137290
-190780
-193495
17265
-91390
-115920
-40590
-4905
-69885
-183980
-223450
-122540
-87575
39965
40600
13040
-42130
1695
99565
85030
42290
77170
82095
7315
201190
167710
151530
190295
183115
279100
227480
265220
320135
235665
325410
288740
188640
261455
397665
326640
282360
265740
329415
426065
283670
229310
351300
419215
282615
188040
144580
94390
165595
102965
118140
78970
-37440
-4905
27765
-49150
-85150
-87550
-61845
-200285
-202810
-235900
-190680
-157465
-204135
-200700
-209440
-257670
-226945
-256335
-211920
-206610
-230790
-236725
-222035
-253270
-218250
-147860
-136595
-223635
-154270
-135560
-89880
-71635
-168435
-110220
-86930
-104350
-78095
-35635
-91190
-77380
-134460
-108415
-67735
-143740
-135730
-127030
-78275
-221735
-198430
-211490
-157070
-118015
-170735
-104020
-110650
-92610
-66115
-8635
-77190
-56810
-40510
-30845
-45435
-6600
20670
-33920
-14195
21065
78730
89500
198220
206985
85015
121550
141960
136610
157725
176865
153920
193780
143770
165545
164465
176090
174380
177230
204685
67215
67970
46220
146120
175965
126965
125410
96420
-19890
24745
96915
42720
11250
-35930
-17775
65415
-28940
-58500
-86500
-56665
-105735
-120690
-142160
-68870
-30685
-130735
-29570
-41400
-61680
-44195
-69785
-87050
-72700
-77690
-81315
12365
-107170
-95340
-60850
-44105
-174035
-106780
-124640
-129010
-103495
-136335
-136290
-157230
-206610
-199955
-155735
-215510
-216440
-274900
-269205
-261385
-290970
-294230
-242520
-229895
-359935
-244840
-255960
-192660
-186315
-216685
-119130
-94110
-107390
-127275
103415
20
48220
18410
-7295
4415
13490
52860
170060
154485
44065
115560
130090
153480
137345
128315
194760
224730
209780
185175
306715
240260
252700
182420
159365
132365
139890
143000
193420
177555
177765
163610
159000
124630
107995
124565
62130
80920
56840
37805
9265
-1630
11250
-26480
-31285
-77485
-91500
-77030
-76600
-63135
-104535
-105890
-92840
-126660
-105975
-157935
-143460
-131550
-116070
-85455
-174135
-151840
-152710
-114900
-78635
-106135
-82420
-85090
-108070
-73135
-131785
-110130
-115760
-131420
-111685
-110785
-140330
-138020
-160910
-137845
-172785
-172660
-163000
-169700
-153665
-226235
-210380
-193300
-190820
-177885
-183135
-210830
-182560
-144170
-138115
-158335
-153670
-127350
-119300
-108575
-103285
-64300
-48760
20920
14515
33665
61720
77190
75080
66655
162365
122430
142090
155650
147645
216465
242560
249800
238010
231025
200315
215380
213530
252130
244675
235415
234950
236240
229980
221015
233965
185060
183310
130120
119315
137465
100960
91430
117410
106145
25365
48680
35440
-700
-14165
-26035
-47220
-52530
-66520
-73185
-60685
-84550
-103130
-118370
-116095
-104235
-122280
-148270
-166920
-164535
-174785
-184160
-207990
-220740
-220565
-262485
-243200
-264780
-304510
-298495
-349435
-334810
-347150
-361710
-360925
-348735
-377580
-377510
-406250
-401095
-398385
-416990
-405520
-358610
-351555
-371835
-333980
-316730
-286730
-274085
-250235
-186080
-173010
-113030
-99725
-17485
8890
15720
68670
82485
208615
208180
212350
216780
229505
299965
322860
315240
356980
364025
377315
401810
389270
402610
410595
422115
413800
405010
382140
382185
353565
365130
353320
323720
325315
269265
249190
233260
233970
235405
232665
203930
192330
143550
156275
129465
97130
80710
67980
75785
64415
40390
24210
9820
17625
-24285
-44550
-64320
-63810
-63205
-108135
-137540
-158270
-189080
-189765
-206485
-255020
-280500
-336870
-340805
-399535
-412290
-425180
-470740
-477535
-531735
-535570
-539340
-569730
-571035
-594635
-558670
-547340
-481630
-475535
-470235
-411770
-388540
-350150
-343305
-262435
-208420
-175930
-105750
-99395
21815
32120
49160
124690
132705
203765
255280
259590
294470
297535
339465
337110
333840
321560
317995
348365
330960
321450
283390
274175
225365
233950
227530
222190
210925
183165
198370
206420
200850
192835
168415
217110
236240
246760
245695
290515
300300
312120
353650
359165
411115
399450
400680
435940
437475
439015
432970
418510
412510
410625
432765
357590
325990
293050
289915
248315
210720
169270
77950
68985
66265
4550
-42750
-104510
-114035
-190635
-248450
-288910
-317700
-313855
-389935
-386670
-419000
-493660
-482125
-537685
-517250
-535520
-529500
-516615
-549635
-538580
-550980
-532190
-512575
-472535
-436170
-429970
-374340
-349445
-299985
-220560
-197240
-162390
-142015
-66135
-10730
8400
78980
88995
197715
190720
200480
327920
329145
399665
406170
409870
395760
391505
393265
412340
406600
358990
346025
362015
318340
294160
236030
223635
174265
167710
153460
139670
135995
107615
103080
101310
83740
89495
95015
133060
143690
168570
177895
213715
230410
240970
296770
304335
352865
355500
363520
408300
415305
424015
399500
395320
385110
383915
381565
329270
307020
251020
246305
200565
139970
104370
52680
44195
-62135
-88290
-127910
-218770
-228015
-276535
-340460
-383850
-430200
-437345
-530885
-564040
-591140
-633240
-638705
-713685
-688510
-693800
-758560
-767045
-763235
-781240
-774620
-714130
-718755
-707585
-661400
-636700
-586600
-585595
-517785
-455120
-395080
-374470
-370925
-256785
-204840
-141520
-62750
-54875
-2335
83790
129030
270450
278915
398415
397140
430690
508490
513385
569815
557140
576920
542610
538235
531965
533840
528940
476920
464935
407515
392390
376310
356430
342415
315015
294340
287370
254530
244495
222765
230260
233120
228740
221715
224615
242600
241310
253720
250805
257465
250370
239650
266900
263815
282615
255340
236710
218510
214715
188015
158190
129060
75410
65355
39015
-11480
-48780
-101320
-117855
-165135
-223760
-260540
-310160
-328045
-364185
-430230
-465360
-511600
-527075
-591685
-602560
-621410
-669520
-680765
-701435
-720130
-729650
-783210
-789785
-795185
-783420
-780960
-733910
-729045
-744935
-689010
-675220
-642750
-626775
-607685
-519080
-487400
-441300
-419695
-328335
-273300
-235640
-159070
-139615
-24585
47280
84910
189570
208195
315515
357010
378900
490070
497805
578965
582050
594010
604670
603635
641065
633430
632520
583400
572345
547615
538300
522060
479830
470225
447515
405930
385620
357070
348385
294465
287210
282200
248180
244515
241965
222290
217160
205540
203085
127265
138260
131620
157940
160465
167665
136750
125800
99390
105135
106515
78190
63890
36750
42575
47965
490
-28510
-63340
-60665
-88385
-152870
-189170
-212750
-213325
-288085
-349150
-387790
-443110
-441075
-544685
-534250
-563570
-648250
-647475
-707935
-747340
-767900
-831410
-831195
-854135
-861500
-861510
-831310
-819675
-878485
-804610
-779560
-744980
-721735
-720935
-606710
-560850
-496830
-473135
-331035
-286620
-229640
-105000
-89245
23415
104240
164030
295250
308185
435665
494990
529120
630040
630345
727415
716670
729050
734500
724175
756265
715840
713710
621850
606375
538565
517370
498510
432030
420275
334815
312680
282650
260690
258175
192465
166690
147140
124400
125505
128115
98040
88510
52650
59715
54165
40100
33210
40780
54025
40165
49680
41920
37310
51275
59965
41750
36890
50570
57975
31265
5450
-1510
-9540
-8075
-48435
-76550
-100030
-132360
-142475
-200635
-274470
-306760
-340670
-343755
-449535
-438660
-470300
-575930
-575055
-646735
-645900
-679240
-750660
-746575
-674685
-746280
-755290
-703220
-687285
-720535
-650310
-628900
-620140
-589215
-579785
-444440
-408350
-291250
-264265
-151535
-103470
-58280
54850
80335
216765
279510
333950
420150
440455
558415
598870
619210
697700
710705
744915
742530
730720
761610
768485
776465
738400
714720
616720
617075
550865
511250
480720
384910
379775
312415
278000
240840
219900
219145
164565
142370
119860
124710
123715
99665
96640
87640
62780
61505
63415
56990
63190
73530
71125
77015
88700
91790
71550
69345
85115
74660
65720
131840
124985
146065
109680
89880
79300
70965
52665
12230
-19220
-110410
-129245
-138585
-256160
-298460
-371190
-380375
-514385
-514190
-556880
-654780
-649895
-803835
-776010
-805120
-863420
-854385
-789785
-848060
-841320
-814890
-796755
-852085
-764970
-724580
-658830
-622815
-609585
-436540
-396130
-254950
-224395
-67535
-5810
40290
179690
201275
403115
416050
462340
522490
538565
648065
691630
702280
743820
750695
797015
762280
737830
743660
742805
711815
672010
642860
552630
549305
465965
430360
411160
300220
294385
221715
192750
178410
150100
144645
75215
82840
81800
145780
145055
135315
132220
141160
162620
157235
164615
196530
210890
208580
202795
231465
226240
235370
221020
215535
231615
236990
227090
215360
209795
230215
182540
152060
197630
188005
187315
105180
61170
-19560
-31245
-97785
-205360
-254890
-372360
-369965
-502085
-500060
-562250
-682310
-680865
-837685
-833640
-878400
-931870
-924375
-861485
-927280
-929900
-871300
-853545
-933185
-772110
-738950
-699760
-668955
-538185
-423110
-385260
-230940
-210325
-25235
14870
59750
203450
221625
394365
448630
496290
549260
561385
660965
682130
694980
730960
725735
754265
713730
695280
697360
680475
641265
561240
540020
454010
433745
314015
305400
298770
170370
157705
84565
101340
97650
65710
58025
38565
58530
68030
169010
166425
233715
239060
253130
332460
333925
390815
419580
430300
460130
463285
493815
500410
494040
423690
422255
431815
408890
379300
344230
338725
318965
242510
191180
194460
185765
137115
33430
-32030
-123090
-138835
-236735
-369790
-449080
-573300
-582695
-779785
-765710
-811850
-968490
-964145
-1077185
-1009960
-1029550
-1167890
-1166685
-1080635
-1155440
-1141470
-916240
-899345
-791035
-661870
-583090
-427540
-391715
-371385
-122960
-22900
33050
55165
338065
335950
396630
625220
624105
747265
711820
753720
809370
802385
802115
796820
811730
735610
710815
632665
538090
503760
393090
353925
206415
111920
86170
-52970
-80295
-227735
-206980
-195020
-283930
-291395
-330085
-236930
-201410
-146250
-140985
-48685
19810
59060
273610
287315
439465
472630
502760
653350
666665
771965
783030
779050
741650
746015
760365
712140
665220
561580
552985
476415
397480
324710
176940
166485
46215
-18650
-82300
-155840
-165295
-236935
-292980
-337810
-399100
-405835
-455435
-506790
-551670
-566170
-576155
-593735
-672620
-693820
-700440
-705605
-726785
-734140
-714210
-838840
-841655
-948585
-878490
-861650
-826520
-826895
-823785
-786780
-754520
-578930
-567445
-495035
-397760
-312500
-298600
-281345
-195135
-15440
67020
182820
196305
395665
418440
444340
659740
661175
783565
763210
751450
811080
803085
859315
767390
716150
583730
569345
479215
396710
323010
63530
56655
-111285
-111060
-168360
-316700
-308885
-403985
-360120
-374860
-303110
-279905
-233835
-143140
-111920
78730
108505
288115
352900
403950
576010
598395
753215
776000
798270
844530
848825
929865
855530
830270
783490
769025
714015
580420
528340
373380
356645
152115
108010
66290
-113830
-123335
-301385
-309700
-330700
-418970
-423335
-491235
-512630
-525510
-453150
-464275
-400485
-516160
-545340
-439770
-444635
-471735
-500880
-504920
-568640
-563815
-694485
-606350
-594010
-879900
-882125
-917135
-920170
-917290
-849180
-849215
-838535
-832480
-799820
-580150
-556525
-523385
-352210
-244950
-195230
-164075
-5935
138530
244910
350000
360735
553015
546850
585470
784160
773635
934515
774480
768480
856650
832045
742715
657870
646950
403600
380805
117915
149380
131670
-183770
-206555
-398785
-395210
-410960
-412690
-426385
-419085
-397800
-363760
-152710
-139835
-41435
102690
184350
343510
363345
526415
623790
668460
750880
751155
909465
812690
779270
843970
829145
823615
687010
618290
466750
460555
270815
266700
216270
-76230
-72235
-242585
-184550
-222100
-342810
-334145
-315135
-341390
-378100
-169070
-161075
-31935
-122380
-153470
33600
36425
90965
-17600
-59350
-192280
-189065
-333635
-344720
-381150
-683450
-686195
-854435
-895740
-914560
-1163480
-1173185
-1263085
-1314250
-1287620
-1082370
-1080615
-1117335
-1008450
-898040
-649370
-622365
-589485
-323910
-142760
-59730
-50135
173415
293120
426560
620690
595975
873915
754440
802790
1060440
1016005
1054665
939970
947350
844610
796165
592665
563220
545900
184910
134015
-133535
-143470
-188640
-421690
-458355
-554535
-586990
-604490
-519770
-521315
-493335
-378670
-324470
-152980
-125885
26865
204990
259080
415450
438625
698765
656530
629000
829620
834205
930215
823870
759230
682980
692185
584515
587450
526250
168610
181375
16715
61920
-7530
-159420
-145915
-163135
-214610
-263650
-101870
-83195
-17985
-20240
-18440
150580
171245
267565
242210
227490
236580
231465
257415
82240
1980
-121170
-146675
-294485
-462360
-515060
-767330
-786465
-1054485
-1001890
-987130
-1285880
-1301715
-1492735
-1399190
-1376390
-1170600
-1182555
-1052335
-1053980
-994900
-565160
-547245
-384585
-135020
9890
47790
81035
314965
543760
627550
640600
638155
956765
824840
764930
1052030
1033775
1105315
914550
823910
808700
808855
563715
635360
567500
74310
80295
-113785
-105880
-208460
-469710
-467125
-467285
-586610
-676830
-481980
-447245
-406785
-336960
-321210
-145640
-87615
-4285
193890
244320
275310
309345
517265
461950
442040
610220
611845
721065
555260
521990
537420
543325
400815
463310
475960
176580
181495
60765
122090
126380
15610
4575
30665
-55440
-50940
200920
192265
206815
238230
291980
429510
425405
473315
491840
523610
454420
419655
445915
262930
207220
133570
80715
-44735
-273740
-356520
-560410
-577265
-940235
-823660
-836190
-1165520
-1155005
-1294235
-1190770
-1174520
-1283280
-1276105
-1114285
-1189280
-1149000
-674900
-651605
-516285
-370020
-240610
25600
69945
115265
424210
582520
507860
503335
720815
676620
715480
877610
826495
985115
698320
678850
816150
770065
574065
591600
617850
248680
212595
1515
34170
38420
-256510
-307815
-405335
-502390
-528690
-355610
-384375
-421135
-404830
-363080
-192990
-182075
-149335
58680
145320
112060
122965
298115
349390
358010
467980
463805
606915
504920
455010
618120
627125
571715
631690
605100
416460
433565
398615
444480
400710
186040
193115
215015
144540
73570
197290
217665
228265
245750
226350
291280
326435
366365
450800
456490
415980
427115
538415
396730
328780
409050
396935
397115
157170
69280
-3100
-17465
-254985
-346590
-379810
-770090
-771125
-1110135
-970330
-977810
-1154060
-1147615
-1310585
-1243460
-1269190
-1042850
-1026515
-808335
-837260
-806330
-464350
-421785
-226985
-64830
25020
-4890
38395
189515
374870
405230
375920
388125
626415
434660
372050
609430
606285
580015
479860
444230
354420
368865
221215
263420
262490
-81980
-82185
-190785
-251090
-270640
-337800
-349865
-412985
-488690
-467440
-277320
-275335
-375335
-253040
-143410
-58890
-53275
-29885
139590
251140
312730
296115
449865
393390
445400
632690
603765
673365
625950
660590
667080
642975
582365
631210
649290
470500
441105
363515
347390
325740
280570
253665
229265
215250
197370
244460
238405
240115
330880
332390
347930
350595
499165
463230
408530
461020
452775
591565
384830
277220
286830
276055
149315
21320
-95480
-396330
-403595
-678785
-692540
-752640
-1068060
-1070415
-1226585
-1240510
-1264830
-1345260
-1350525
-1388585
-1347780
-1344640
-993570
-974555
-804385
-797610
-743160
-485740
-451935
-374335
-101550
-8130
-146250
-113845
55015
106100
112500
197430
193695
335765
241240
176270
366520
373295
371415
311880
262340
175370
185065
47215
133280
87720
-223840
-215535
-200335
-272380
-334250
-376550
-367525
-352785
-381090
-401820
-282020
-247805
-204635
-92450
-43000
65430
99885
211865
283320
345360
443560
455455
563315
551260
582520
715210
710285
771315
704200
732500
733310
723125
642665
666170
702320
522120
505345
405965
425410
446450
425310
400445
367115
345990
373220
486150
469765
459115
496750
531000
577260
556245
613315
548860
531620
530320
495435
522215
333350
257520
152310
116465
-69985
-215840
-310390
-619020
-640125
-925835
-923870
-962870
-1228410
-1236925
-1365635
-1361410
-1346440
-1415230
-1428435
-1455385
-1430230
-1378610
-1010830
-1019915
-909635
-835450
-729550
-450350
-447095
-396285
-155530
-24590
-107360
-119385
97315
148050
186050
250780
215705
430065
248460
205950
364970
341255
322415
308110
269390
118590
121565
-15735
52170
7620
-237650
-230675
-290935
-271910
-337260
-375610
-356395
-291585
-336440
-371930
-199750
-159115
-86735
33010
66320
140140
190385
299315
426460
470450
504300
528655
667115
641810
649210
813830
818305
861615
798020
801670
838020
834525
763865
779030
800630
622710
613595
543165
535110
542840
460180
444405
403715
377690
383360
454170
442135
438765
399200
407080
484850
467515
472415
404210
379950
371300
350375
305265
155920
88490
-70180
-104515
-276835
-413820
-506930
-782830
-798015
-1046435
-1061360
-1114020
-1277080
-1277945
-1421335
-1364920
-1365570
-1488860
-1482715
-1390735
-1434930
-1391640
-1091620
-1084565
-992135
-903540
-803810
-595650
-571505
-531735
-328220
-186270
-182610
-180605
-48585
12680
93390
218140
196175
308565
235420
250360
431460
407815
389465
362110
363060
266490
251325
146765
207740
191770
-40840
-51025
-131085
-103800
-144010
-202680
-206605
-156935
-166450
-192600
-73080
-57415
56715
113940
135500
262790
294235
391715
529890
565230
580310
606655
757715
777690
782330
871480
880535
986315
906930
893170
951020
952965
938215
889690
879840
779720
773495
693215
662070
650730
547610
534795
407065
376130
358120
319690
301885
236865
196520
177400
207910
189585
184965
114640
95490
96640
82145
33965
-8150
-40930
-168900
-189145
-229885
-355100
-427850
-541530
-564115
-696335
-796050
-850150
-942150
-957725
-1086285
-1128930
-1136490
-1345730
-1353925
-1474935
-1453700
-1434750
-1356390
-1359055
-1384235
-1305200
-1246430
-1087880
-1070285
-1016485
-868470
-756850
-653980
-638245
-491085
-332770
-243720
-63460
-49085
141365
197930
232590
435450
446595
564165
607160
606160
587340
597985
676965
655580
624120
502720
503965
496965
466420
420700
302240
302765
278515
224770
197830
190330
191225
151265
163660
183840
236820
241825
240965
316110
380320
435910
438185
505815
572620
641550
752350
747895
831865
837830
873250
992940
983465
1054815
997330
992600
995990
984795
927715
885700
851230
699410
687715
559665
506010
447130
261980
249515
141465
74190
15640
-39220
-43895
-124335
-158240
-193870
-192180
-190135
-223385
-222940
-243340
-242480
-245955
-202485
-304890
-343250
-351170
-371135
-400035
-539140
-578570
-652070
-670985
-842635
-865870
-906730
-1074490
-1089155
-1289985
-1276130
-1331440
-1416890
-1416115
-1420285
-1452480
-1474920
-1448850
-1427195
-1392935
-1279560
-1249110
-1251580
-1203465
-1096835
-903470
-848560
-635250
-582645
-349335
-214760
-141160
83470
128165
354315
466420
562550
740070
760265
953565
986090
1045770
1163160
1159665
1223365
1184360
1192550
1213720
1191095
1117515
1055830
1025670
888900
863855
750915
681500
638950
466210
450305
323915
332270
297280
192230
196675
158465
211490
196210
266380
285265
365715
411070
409710
541230
562065
701915
689740
693190
772780
784905
873065
838590
832400
793520
791155
742265
694100
666530
557030
540305
455015
348110
308160
236670
212805
75015
-3630
-34080
-117140
-137015
-268185
-312010
-341810
-412240
-432675
-506485
-577730
-625470
-656180
-671675
-727585
-835810
-890390
-950430
-949565
-1070835
-1023910
-1070890
-1213110
-1201235
-1246235
-1290940
-1332220
-1416790
-1408405
-1354735
-1408300
-1409730
-1355600
-1334395
-1427635
-1297500
-1243800
-1167880
-1140025
-1118585
-916510
-809560
-681790
-664015
-446235
-368750
-235920
-8140
-2335
182615
356470
481320
747120
755035
957215
1065240
1125670
1293760
1289545
1472115
1425000
1411250
1387380
1375705
1425015
1325850
1258880
1067160
1058925
936365
881470
800050
568080
568615
427615
397780
335030
247690
255085
177165
166890
157120
236710
246525
267615
290860
327540
428850
434345
495915
516580
555720
662310
656575
691565
688770
694310
706070
689765
676715
617800
590190
497180
477165
416915
343720
294010
147790
132445
30365
-21830
-80170
-203610
-213915
-289235
-357890
-412240
-444520
-454155
-509785
-595440
-637470
-658630
-669225
-730785
-819220
-855500
-906450
-910545
-1031485
-1002200
-1021980
-1111230
-1120915
-1167285
-1238980
-1243180
-1347500
-1360765
-1359385
-1382890
-1357160
-1260560
-1259035
-1355135
-1187020
-1123580
-1051740
-1032505
-936235
-777530
-676760
-561510
-545235
-320885
-226340
-131010
94020
116815
297665
468070
537180
756780
786445
972815
1058480
1086050
1147390
1160665
1340915
1269330
1257840
1192040
1187725
1189265
1099830
1059500
957790
946375
777365
744580
705210
595940
585945
434315
414000
399860
333440
323005
249465
247800
261160
280130
274585
306715
320120
337070
430500
427865
465365
479760
477470
541590
541055
594465
553570
525610
478720
473565
473615
410650
370930
235070
229455
167015
115050
74290
-34460
-39365
-137935
-175970
-212490
-232470
-239795
-293885
-364090
-385990
-360090
-372275
-422435
-492290
-509430
-549550
-567865
-659785
-720790
-753000
-836060
-848255
-944635
-955320
-970810
-1087550
-1102555
-1131585
-1216800
-1214490
-1333580
-1343275
-1386985
-1364860
-1341780
-1179360
-1171435
-1269835
-1089450
-1022120
-951680
-929195
-804385
-674160
-567390
-485370
-470895
-290885
-172830
-96210
149890
173675
332215
480750
525630
722380
751165
938615
1006570
1028410
1009030
1018745
1186065
1107200
1089250
1025970
1019445
1003015
938790
893850
854110
846665
722365
684120
653150
552860
542365
457715
417830
416670
349230
331645
280665
264940
279190
314590
305385
291015
313290
330060
413220
416045
430265
464190
468760
481580
484695
558165
506480
492550
459190
458405
450565
410260
381870
319840
318085
224715
195100
149320
74580
68795
-7635
-80250
-124330
-163380
-175735
-241435
-319390
-345270
-441920
-453085
-545485
-590140
-618590
-678370
-694585
-777035
-848450
-887480
-901210
-912275
-985085
-1009170
-1002930
-1080770
-1099115
-1144985
-1191370
-1172170
-1274380
-1290015
-1347685
-1304590
-1279710
-1094750
-1098015
-1134935
-988350
-921390
-905730
-893555
-750585
-644470
-546140
-462480
-450055
-262035
-124610
-69700
185210
215625
368215
525470
555210
732370
764475
1005315
1025640
1037760
1003660
1016245
1171915
1091820
1067800
1013720
1011695
951715
909950
861710
809000
803385
679815
618960
593150
495930
484675
380165
343020
353230
280820
265785
173615
206690
232950
288190
285475
282015
346500
377120
491570
497005
568315
608650
632620
665510
664185
802865
738470
734650
747550
738355
726965
678180
638500
579500
567885
460315
388450
327550
180080
161205
56465
-63050
-114230
-251620
-272215
-424835
-477140
-515370
-622290
-636285
-747535
-795850
-838130
-827610
-842265
-869585
-961880
-993010
-985640
-975645
-1071435
-999390
-1004180
-1118650
-1111345
-1124885
-1133990
-1141810
-1211560
-1205715
-1107485
-1156690
-1126680
-955850
-936615
-1047685
-821240
-743790
-730840
-703955
-553485
-439700
-336990
-142040
-136085
107215
124930
224160
438820
448335
526915
690660
759570
874640
885535
1009315
1010600
1015690
1052530
1048765
1119365
1040670
1017080
866840
860915
766365
716120
668740
532640
528715
386915
381660
340540
308830
311075
248715
256030
267410
238830
240015
225715
265000
309180
403130
405865
494815
559750
600040
771460
774925
871315
897990
916350
955440
947995
1062615
948750
926690
879610
861455
823715
726250
670590
521820
504275
286715
239970
164280
-31600
-47845
-184235
-304210
-372180
-459270
-476125
-596085
-665150
-705420
-773520
-784525
-881135
-919730
-961210
-959870
-969605
-980585
-1059750
-1057960
-1053570
-1061685
-1115985
-1082730
-1083010
-1213570
-1218395
-1361635
-1248230
-1258890
-1072910
-1051505
-901535
-845150
-808350
-831860
-805905
-680235
-509340
-453970
-423490
-383285
-147835
-44370
-38280
375680
431965
580415
730320
743940
722660
764135
1020915
928830
934690
912250
922335
969015
901320
859160
898970
909885
700065
728630
681750
511930
509295
493565
360220
364060
306470
288505
215115
197050
244230
182820
175685
35715
177180
232550
401740
404625
520515
578400
645500
838320
831015
986315
964370
1028990
986670
968665
1035315
984650
980430
1056050
1033145
925965
900450
840940
707810
682725
571815
441550
384900
135330
105475
-2685
-132410
-194100
-310890
-335215
-530935
-561430
-628860
-668990
-679055
-753435
-808430
-862020
-838860
-849555
-848485
-974870
-1034480
-1164490
-1151425
-1253435
-1175800
-1178510
-1290310
-1291905
-1243585
-1362830
-1344780
-1512030
-1510025
-1594185
-1494100
-1392730
-1037020
-1029095
-1125035
-861930
-735380
-679460
-671415
-448435
-364930
-162420
154190
124955
456815
436330
575610
653920
616715
561865
715990
789430
1056170
1022295
1127465
1094710
1073260
932810
886475
828815
706730
675090
380120
344865
341615
259620
189730
73590
63175
-219235
-77500
-150890
-153270
-113425
-48685
62450
51400
192510
232125
417065
449700
447520
462150
509505
715815
781390
760660
1048850
1085785
1210315
1173960
1101970
1002880
1029085
1083115
962830
906430
781220
777635
680715
539510
451140
212650
208965
-47435
-72790
-113100
-158460
-161495
-220135
-335080
-358150
-453800
-464275
-606185
-634460
-625070
-520930
-534005
-535035
-655180
-669260
-731330
-760225
-903885
-1016170
-999670
-1083970
-1092645
-1294435
-1202920
-1244300
-1387930
-1382485
-1673135
-1518150
-1521790
-1487370
-1458145
-1018985
-1122790
-1068940
-1105810
-1079325
-1111085
-894320
-793860
-491530
-428865
-204235
39950
79270
406320
445325
523715
594950
668410
727250
739995
1218565
982130
1041490
884270
855115
632665
600950
605820
586320
578655
338565
398270
370110
364400
343345
60115
64150
105740
-82200
-100135
93765
-16620
75240
88020
62195
-40985
109710
200940
406080
401015
525815
603080
661100
937120
912875
942615
935630
968070
975270
950255
1089315
1002790
992280
770760
729415
617965
550810
513270
318290
293825
226215
160880
93490
59360
51495
-221585
-125670
-185510
-113050
-107185
-18685
-126220
-179660
-240410
-255885
-191735
-331430
-379480
-469700
-488805
-464935
-636980
-735960
-834190
-846035
-1149385
-1061580
-1077610
-1216080
-1255415
-1216885
-1408160
-1357770
-1586310
-1634565
-1760185
-1611980
-1503330
-1086290
-1112775
-1137085
-943500
-842830
-691430
-687355
-471435
-233320
-85460
105970
84425
457015
406830
458020
473160
469005
591365
694780
656010
888390
882905
812165
811260
697550
531990
533515
622765
561530
472610
249920
234145
212715
138200
52890
-120810
-111025
-32885
840
-58080
99820
112295
87865
191710
177220
331120
367155
585415
665530
669170
723900
747025
868765
850920
836530
818980
833485
1015865
889790
853610
830960
825095
579265
605710
538800
503940
517695
419015
404050
322450
271470
270395
228215
151800
122410
-89370
-103115
51315
-86500
-98890
-103600
-127175
-212485
-242560
-291100
-138980
-149505
-209785
-319360
-394760
-449100
-476445
-684835
-788280
-828040
-1101680
-1096375
-1288535
-1233770
-1334430
-1594950
-1542395
-1826935
-1567340
-1660450
-1518040
-1425235
-995285
-1069370
-1109510
-1041290
-938465
-806235
-586910
-540790
-233380
-134205
195965
283900
266870
473660
542135
607965
712890
715950
889280
922805
1211115
965780
946220
650970
671065
549265
535940
522310
445290
460445
202865
197680
149500
75590
111005
-139685
-30890
-33340
87990
128125
133965
132910
144570
146360
194395
338815
398170
432700
544620
575225
670915
684170
674880
754830
778455
867015
853170
816240
928320
936485
960365
885530
842110
667100
668715
660365
543110
521770
321710
317035
155215
162100
123670
84110
100715
-78335
-16900
-62470
67020
97025
87765
21220
-39600
-58580
-43325
-4235
-174550
-245070
-347330
-356875
-417835
-602590
-704200
-896430
-890585
-1171635
-1067910
-1131500
-1312240
-1306625
-1294335
-1452600
-1420830
-1611460
-1615735
-1544485
-1537690
-1405270
-1173950
-1179205
-1350685
-1060100
-887840
-506880
-476495
-344535
-127630
33700
271750
284215
456115
504000
632380
662330
649695
924965
788430
835050
798480
761975
571665
613360
626600
614140
581025
583015
440310
433950
254220
218335
-39285
42790
86690
41970
13015
53865
14160
71530
11850
2945
3365
119500
215230
417890
432705
488165
584670
637180
730680
749455
763915
791250
830650
948820
942865
964915
866130
885040
743130
717645
640015
591390
596510
504050
479675
377215
356350
340460
320650
301085
251765
212530
229550
153600
127535
151915
86440
101790
117170
82515
27265
-68110
-96570
-62560
-84135
-197335
-336110
-400520
-555240
-566385
-877935
-812210
-824910
-1153830
-1180965
-1173585
-1387900
-1332320
-1560050
-1591645
-1620285
-1589610
-1467350
-1141670
-1160765
-1376485
-1146860
-972360
-647690
-650575
-547235
-321520
-119550
44150
18475
237565
294340
448950
497190
468435
749465
673870
740920
778960
741535
598315
631490
648950
642780
601585
556715
463130
458200
315610
270175
45715
100010
143310
31530
-4155
100165
40730
99840
15770
-3985
-19635
105330
180900
450650
449225
527715
615180
675950
795760
798265
864965
855440
901330
922580
908145
889165
823270
817110
727510
712145
554615
564280
526420
401630
387745
294565
282590
262110
191390
179725
274465
192550
191420
162690
148885
179865
165100
160780
288730
269225
298165
155330
103850
91760
67635
-104185
-220380
-278390
-471780
-480035
-741085
-697960
-760840
-1151050
-1147765
-1278035
-1405440
-1415540
-1540600
-1529075
-1530135
-1536870
-1494650
-1321390
-1298965
-1503085
-1231440
-1106540
-747240
-706225
-472885
-350630
-227530
-92640
-80635
103165
149280
269380
397070
382165
678915
549490
588610
579290
549915
338615
444320
459080
477380
451175
482915
348190
323770
106250
86395
-154585
-52670
-22550
-78800
-79065
-12285
-1030
24350
-22210
3105
-4885
154560
201810
524540
567075
688665
754170
753600
869520
900935
1020865
984160
968650
1017990
1016495
1084565
923530
868140
666720
651875
507765
479580
431690
246780
230245
146365
108100
86710
23350
8615
-40685
-35650
-17040
52140
40925
73365
57910
65450
217250
205785
246565
131270
88170
68130
56355
-62685
-171810
-212380
-424800
-441715
-713335
-730580
-839760
-1126230
-1133475
-1503135
-1381500
-1461650
-1324400
-1323835
-1012135
-1128530
-1157580
-1293860
-1277005
-1112735
-954460
-873100
-594360
-580935
-235485
-203380
-177380
-65400
-52785
-33035
158550
206520
538060
541475
746365
624530
593370
378620
393565
276465
328300
293620
196510
205535
185365
58640
-22780
-248960
-222255
-452685
-286850
-300120
-155940
-135115
-53485
-36770
-25190
71030
88065
305465
372560
457200
706560
692085
972815
917020
966650
976550
956175
1105115
1068840
1084950
1173450
1143205
982565
931740
896440
646750
628505
413215
422740
399740
228580
214075
51865
22800
-11420
-89870
-83805
-160035
-142850
-175890
-43550
-47805
7165
-93430
-136460
-58120
-78405
47765
-124920
-161890
-247500
-252045
-444085
-368930
-457560
-683800
-677485
-814035
-839580
-932470
-1058480
-1039435
-971385
-1025730
-1057510
-1103310
-1069975
-1115435
-960300
-920200
-780750
-724955
-539085
-425630
-390870
-112570
-85065
-17885
40380
84900
280970
289565
570815
476840
488240
424510
411725
374315
323100
308600
145830
138365
86765
-6390
-58330
-232580
-237165
-583735
-461280
-472560
-433060
-413675
-446935
-352150
-334250
-273360
-246605
-138185
15340
86070
304770
324775
755815
702560
747190
893780
896305
1065815
1068730
1082560
1234950
1225665
1266315
1204070
1169560
1006380
978455
772265
729790
703150
463200
439015
300715
232310
171940
26100
22285
-185385
-163730
-225040
-159350
-153575
-115885
-238730
-309690
-316560
-315205
-334935
-418350
-452250
-464410
-442005
-526885
-475710
-574780
-760730
-740515
-915985
-867630
-945390
-887890
-863975
-587835
-743130
-784070
-930780
-901185
-971085
-785040
-726890
-605130
-564505
-314735
-274680
-246070
-94030
-80375
-145335
-42920
27910
327840
338685
602915
505760
508540
420660
423305
222865
262550
241270
148890
159185
206015
42570
-46000
-328130
-319485
-679285
-573950
-607420
-588350
-565455
-514035
-510090
-512360
-474830
-452455
-428885
-247450
-156160
86530
99905
528815
494880
575790
729970
724275
882865
923110
1003550
1197320
1181515
1264865
1227490
1233390
1099480
1079025
841465
865840
861590
744890
730155
641065
536090
476800
236660
225695
-18835
-33600
-90320
-21180
-29205
25765
-165200
-245310
-294740
-307055
-437885
-421770
-400960
-459970
-503055
-396785
-576290
-577090
-772050
-828715
-1017085
-945380
-896300
-619690
-659835
-613235
-574890
-530050
-708510
-717375
-786035
-551670
-435890
-278450
-266735
11015
50580
72800
78170
104725
121165
231870
249990
593140
615675
815765
667520
602980
508410
508335
293915
311190
261610
134460
117105
157765
-600
-67380
-373710
-405535
-531435
-556190
-545830
-586040
-601645
-500735
-473090
-405920
-262780
-267275
-298135
-159920
-54250
160660
175435
295065
435580
525240
737260
742875
786215
799420
832730
777610
794985
854665
860780
841280
805410
811885
724915
665830
602980
426390
423505
405115
294590
243320
244530
215845
118865
4940
-44240
-100000
-123115
-147235
-252520
-255050
-289400
-300035
-457235
-358500
-404940
-546670
-542565
-670285
-666090
-720890
-636580
-612965
-470835
-522990
-540640
-681800
-652315
-724535
-584190
-542060
-516450
-474555
-346335
-242180
-207870
44350
59045
125365
168190
207740
390550
400955
718965
614740
639500
731410
725265
662215
616530
575870
303400
311365
175415
137470
72700
-57960
-62045
-335185
-369980
-434580
-602690
-593285
-725085
-649510
-624430
-465170
-458715
-333885
-290760
-264140
-177850
-166655
16515
95180
158520
449550
453115
763715
716910
741380
627130
618605
601915
623110
639480
663360
653045
641315
547360
502300
369620
359595
59815
76240
35540
-31040
-40525
-116685
-205690
-263610
-328150
-331945
-431785
-459340
0
-555180
-521855
-492935
-385990
-430410
-456770
-430685
-382135
-476320
-538490
-486070
-456945
-339085
-354060
-352870
-265860
-244015
-364685
-253720
-230430
-393290
-360915
-321685
-203950
-145810
100510
104025
243215
236500
269660
296210
295865
500165
447540
494260
752430
746995
846515
768280
743170
526710
524445
294565
275860
233500
79260
88695
-141985
-126920
-199300
-352770
-333065
-577435
-502640
-529820
-533650
-495865
-331735
-298760
-305560
-85590
-69545
79565
86270
97340
233820
245365
579965
532330
561100
626420
601915
614965
542830
548490
373720
338345
287315
248530
245340
226870
178125
-32535
-140150
-180710
-335030
-354035
-525335
-544000
-576680
-606580
-606385
-804585
-786810
-802630
-970480
-935705
-1034835
-856990
-866610
-803490
-780935
-695535
-697190
-738870
-481960
-456355
-117035
-178390
-162030
-31900
-20195
100965
160230
199660
4180
11365
150265
216560
269080
379910
371535
356265
424170
453350
505020
508445
566365
575040
598510
822060
827685
850265
787580
756470
628270
638665
460315
437330
369840
167510
184665
35715
1610
-76020
-210980
-193295
-358235
-290130
-311350
-369220
-356575
-166985
-183470
-144620
116460
112495
368865
341560
402610
600230
581515
672615
698440
744800
808570
771755
800465
714720
702610
536730
494495
337265
209190
145510
-139040
-169395
-429235
-558010
-646410
-831500
-842605
-1128435
-1168800
-1252410
-1369550
-1352225
-1571585
-1471250
-1446520
-1423690
-1409365
-1238085
-1256390
-1205330
-1195730
-1196485
-1050435
-990980
-897870
-417050
-403375
-190235
-69790
27050
9160
15825
35665
235960
346210
385160
391375
621015
634060
673700
779060
782455
688065
792420
795670
835370
837765
995565
857130
819630
916730
896235
789265
732020
686840
462820
437565
391165
302060
261780
80650
55785
-12435
-32190
-38760
-85260
-91445
-143035
-68200
-40890
-13530
-3515
70215
140780
203490
472790
494325
573365
664410
712250
743370
758455
773665
786540
778340
849070
847745
925615
749220
658940
573050
549335
365715
161560
22750
-279860
-308715
-477485
-696390
-830180
-1078770
-1108905
-1414235
-1496820
-1572520
-1881590
-1881125
-2089985
-1977070
-1992570
-1895260
-1881685
-1861635
-1783130
-1765710
-1510530
-1479075
-1205235
-1085840
-976830
-759470
-721255
-466085
-290270
-188960
-142540
-108795
66165
256220
327230
576760
601655
803115
840660
883330
961090
971255
1047315
1063860
1073780
1114690
1119215
1177665
1092780
1038010
1015550
1016795
877915
817330
743290
509690
514375
364715
331170
268970
150660
149335
42915
36070
10400
-6830
-2565
56965
98680
127790
272440
275275
444865
462370
516170
675750
673675
828065
866730
905710
971110
955545
1001265
939040
916430
880110
858025
810315
660620
589980
404490
374535
146265
-26430
-137830
-437490
-460425
-768685
-892010
-991410
-1154620
-1161815
-1440085
-1429450
-1483510
-1669440
-1665835
-1745935
-1780100
-1789090
-1700050
-1688265
-1618885
-1595190
-1564150
-1371140
-1340275
-1298335
-1110180
-1042860
-987630
-952635
-788885
-690660
-621780
-491210
-466095
-263685
-165640
-88700
35410
59265
191265
304260
377350
507040
516185
687965
712200
760440
914000
911165
1020115
993890
1023450
1014930
1006065
938615
968180
971820
866690
854665
822115
753370
726240
660840
652905
531465
536140
511750
468110
472425
404815
441300
426970
422630
432505
483465
469470
469980
515360
521565
562315
585640
597080
632310
634985
701765
677910
659470
710780
702295
702815
605410
547500
520830
501345
471315
283190
200690
-7480
-38495
-244935
-391530
-480220
-717310
-741815
-1028085
-1063870
-1143740
-1318980
-1332305
-1495135
-1538070
-1570200
-1615980
-1620565
-1573335
-1591800
-1562770
-1487110
-1479665
-1450085
-1355930
-1294780
-1165290
-1146845
-1059535
-929740
-849280
-699560
-672435
-578235
-393300
-300500
-208290
-178405
-57735
105890
176980
323680
350965
590165
648240
678700
879180
898675
1067365
1081190
1094040
1134060
1141225
1252865
1203640
1182890
1095190
1080795
1025815
945650
904780
831890
814865
688815
659350
638840
511880
497645
384215
409510
407390
365810
359825
381815
347580
343940
452230
460995
456615
516650
532100
550590
559275
630065
577940
564660
522910
513735
511665
393290
339650
370260
351045
237765
84750
-2580
-207750
-234205
-435185
-540320
-613430
-817510
-847935
-1014785
-1148750
-1210070
-1419300
-1433675
-1658185
-1570680
-1578560
-1556910
-1545505
-1542435
-1442070
-1409880
-1295130
-1268885
-1135535
-1013480
-928800
-726260
-694485
-439435
-298070
-204170
-28750
1625
169515
287460
366360
527030
542955
711915
757390
793930
872270
869955
925965
890360
903360
913950
903465
912215
879780
858410
731400
714325
635265
558460
514510
440830
423655
362365
293710
266470
183410
177695
45115
114040
129420
63640
64005
75815
105800
136880
234230
237095
290865
346320
389690
554640
563965
658065
703310
732880
780410
779305
881315
792430
768700
751900
735635
721015
568240
496220
366410
338765
134415
-16200
-119440
-371930
-399815
-650635
-763400
-857590
-1040540
-1066055
-1275985
-1324710
-1365140
-1531450
-1537695
-1613435
-1557640
-1523820
-1459730
-1444355
-1399935
-1222880
-1150820
-941460
-911995
-723885
-574370
-481250
-212010
-183285
87965
156860
235970
392900
417385
564515
645300
682420
700450
714065
782215
762560
754550
721330
721215
713715
673390
648910
588490
580855
506115
472200
447740
406080
394765
364665
307440
275530
256400
246705
196615
178210
166480
142300
141605
110315
131760
133280
50850
51275
22365
54300
58450
118970
124255
172415
184200
194700
276090
281535
307465
331250
338210
347180
345475
421915
347970
325920
348340
333995
305415
233230
198760
87540
70155
-19785
-93630
-151090
-291600
-311875
-450135
-523860
-575250
-638020
-645655
-736685
-753170
-766530
-892400
-890025
-969635
-895790
-880450
-823600
-809395
-739535
-694810
-661090
-492380
-467855
-395635
-265280
-206500
-119500
-97845
71265
114690
155070
267910
277735
401265
409640
430550
491970
500285
511965
550230
560260
502440
506405
514665
514920
506020
496310
493015
492615
463690
452040
458500
454395
440215
426290
408390
391220
383615
356315
315010
289440
286120
278165
271615
217610
195940
91990
81435
5215
-3240
-15750
-79920
-84575
-132035
-134770
-141680
-117850
-112045
-162885
-104130
-92660
-74530
-64645
-85
-4250
1630
64660
70135
125965
102980
96910
145060
149265
152665
120180
100520
26380
20085
-12885
-60640
-89410
-154390
-165315
-237185
-277370
-300730
-357570
-363095
-446285
-408610
-410680
-443730
-444845
-428485
-409270
-395780
-333820
-330035
-249235
-221210
-190820
-112440
-100705
-43685
20650
48630
102410
111375
179065
204010
222090
278640
284695
333415
336360
340660
331340
334595
322665
343320
340260
328880
327715
353915
316840
302500
280340
275025
234415
225350
214220
202300
194535
187515
138730
115780
77620
65125
15665
-39810
-63730
-91390
-101715
-142135
-200470
-223580
-321470
-329155
-430285
-438470
-445980
-500560
-500645
-550185
-532700
-526540
-523260
-514865
-549135
-480860
-453890
-384170
-371025
-276885
-242280
-209630
-108320
-97375
-25785
24730
49270
126480
135325
206365
226590
233700
245540
249675
288365
282520
281080
238640
239825
239865
242000
239220
205800
207335
196765
204910
201980
224800
225875
230715
212740
212010
249190
250765
253815
240300
238190
235400
231075
216615
179850
163990
117470
106735
75815
15860
-9010
-55970
-67995
-157235
-178030
-192300
-270630
-279075
-339735
-333300
-338290
-374760
-379395
-397035
-377320
-368930
-313950
-311905
-267985
-260040
-244690
-214830
-209015
-178785
-157130
-143650
-97570
-92925
-59535
-72410
-72950
-83720
-84095
-107185
-121200
-129410
-160700
-163405
-198985
-216060
-225850
-252820
-256525
-295485
-293190
-296270
-332900
-336305
-337785
-329750
-317230
-286390
-289005
-254985
-230880
-206850
-178380
-177025
-153385
-109640
-78180
-17310
-12095
30165
77380
103260
146500
152635
187865
233980
260250
290940
299405
369465
391750
406950
436640
447025
466265
519050
531640
569050
576515
658215
635630
635990
645820
640855
659215
617170
600890
628500
614805
590815
521520
493480
429770
412545
323315
279680
249690
112820
94035
-5235
-54070
-87240
-167970
-184815
-247885
-291420
-321030
-340380
-347375
-407385
-406530
-424110
-413070
-416175
-402835
-443870
-456560
-482170
-482965
-498735
-502180
-509960
-522250
-521365
-559885
-541310
-548220
-573010
-569305
-551435
-552570
-550230
-527640
-524695
-508985
-491250
-482830
-450730
-440215
-415535
-363120
-338200
-293760
-282525
-237385
-182930
-154880
-133880
-124865
-62285
-21450
4660
106890
113605
187365
215890
233890
279730
284755
345215
362330
382950
388820
389595
442465
443990
458380
439770
439105
423165
446240
451440
465620
468855
456665
476550
474420
508690
508645
524915
484390
472390
451790
449655
444065
402480
381950
362520
356485
293015
259140
223500
134750
127035
61565
22320
-9940
-54090
-67975
-113085
-176060
-204950
-267180
-280965
-317985
-359560
-374450
-383240
-393585
-429485
-434270
-439970
-469280
-474085
-511735
-494680
-487380
-501200
-501765
-490885
-477820
-465100
-438540
-433295
-425235
-387120
-370210
-326620
-317755
-276685
-239780
-219660
-172080
-162295
-110535
-88800
-72780
-46020
-36095
-5635
36910
55060
81060
89315
129065
150770
167250
184800
191065
207565
252520
266220
320180
322175
376215
361060
361830
388910
387465
432315
414840
418580
415490
408895
407215
385470
379750
309210
301695
259865
246070
236010
232750
224935
180515
163000
155430
121610
118325
85665
84220
86020
79490
78065
61165
50160
40190
45840
48825
25915
26850
15620
17990
18615
16215
-14640
-32940
-79640
-84425
-94285
-145040
-166010
-178940
-184545
-218835
-246110
-259840
-311650
-316955
-367885
-368530
-370180
-402220
-404265
-424635
-399080
-388230
-349490
-346045
-337985
-292880
-269210
-241690
-229965
-169335
-109080
-76370
1860
12135
90365
116790
137460
190170
198325
248015
279210
292540
353660
357255
386815
389770
389490
360240
360185
379465
368680
366680
338690
332725
336865
308970
298950
277250
271465
238165
235950
228290
241800
234405
227915
191320
174740
152240
141925
111215
65330
48890
25060
15915
-33435
-56240
-77220
-161630
-168035
-242785
-241060
-253430
-288340
-293435
-299635
-319000
-323850
-321270
-322455
-339835
-307600
-299740
-251250
-248505
-196785
-196440
-186750
-157820
-155755
-118685
-114200
-105160
-101620
-100315
-93835
-85390
-84880
-90700
-86665
-100235
-75370
-73330
-81660
-78665
-72435
-73550
-64320
-68050
-66815
-50935
-41060
-32740
17910
19285
20015
50310
61770
98950
99835
159015
145410
163380
145830
141295
151615
166950
179330
191590
190215
188065
212880
218520
244600
246065
256165
264920
269210
258930
261455
283165
272170
268570
281340
282395
273765
257710
238580
222050
223215
206565
166870
142830
110020
106035
71165
19860
-9720
-80540
-85945
-152435
-176770
-192390
-233820
-243905
-276085
-324590
-337140
-382250
-392005
-471635
-462220
-464650
-412930
-418855
-431935
-419130
-415770
-443210
-444965
-432435
-410170
-393350
-390460
-394655
-336535
-335820
-324820
-298320
-293805
-274285
-219710
-202180
-140860
-133095
-90735
-44010
-23910
-9550
-3745
65565
80130
107590
150920
152355
192265
225810
258910
284360
284135
309765
331840
355220
404750
396925
377215
404340
412260
476110
465875
504215
484800
487300
447380
435935
479165
444960
438660
376880
369935
363715
358380
333850
317550
315815
300515
271710
246500
228190
227365
217865
168550
149770
119020
115355
48865
11500
-7750
-50180
-52845
-142835
-167360
-191060
-242160
-245215
-331285
-353640
-371040
-412690
-414675
-456385
-467130
-475530
-498950
-497555
-513235
-498520
-500760
-478750
-475485
-426835
-443410
-442450
-408030
-402275
-388685
-351760
-346180
-321170
-312085
-301785
-300730
-302890
-294000
-297535
-303785
-267100
-260180
-233410
-239945
-161885
-170010
-156160
-143580
-139495
-34085
-17630
-490
32930
34115
41665
95000
93990
158650
157505
138315
247210
246980
338020
349285
469465
473670
451260
392020
403395
491165
488570
441810
466450
476885
512515
492280
423400
409300
431965
445865
459050
401300
319990
340595
361565
307420
250420
201820
208905
187765
129730
79240
111060
105315
-12485
-11790
-30960
-59000
-61545
-25535
-131350
-143290
-229520
-255135
-283035
-296870
-308150
-298320
-328735
-386535
-459530
-460320
-471230
-471825
-541035
-502510
-488980
-602030
-590335
-609585
-543050
-557240
-551450
-542885
-520585
-580330
-589990
-436320
-406765
-392685
-377570
-389050
-450610
-402515
-386385
-326350
-353140
-334340
-287145
-176885
-149900
-188420
-161920
-117115
-24835
-5590
-19650
20100
52365
52365
73940
79670
165170
180435
172865
259700
279180
307280
307615
433915
350450
370590
406960
401845
396065
419480
427150
415920
414595
399665
401340
397420
355380
341385
316365
286830
279550
278090
269495
309315
242390
218150
235430
216985
163365
194300
163860
164420
124605
123465
103470
79540
49600
-725
10415
5570
-15430
-111410
-147645
-129785
-154030
-184640
-233710
-283455
-337735
-326330
-339030
-356420
-397145
-393535
-449320
-438320
-440200
-471595
-448535
-429810
-410210
-426060
-464145
-428685
-405700
-377690
-295340
-347895
-286485
-268050
-229890
-178130
-234195
-111535
-103310
-46790
-49970
-111585
-25185
-11180
42770
30990
-31805
13715
41460
101100
140230
94325
-24935
64330
113090
109700
82765
80015
124650
168500
183970
186865
238415
232230
240950
242690
248415
262415
266550
267120
293150
303775
330115
267690
256830
254470
270245
248515
262840
248920
207990
215125
164765
170980
154420
147540
151225
255665
158930
147390
136320
157465
128465
98950
79580
38600
48465
1765
5310
-9110
-30740
-16505
-74335
-134730
-155860
-154830
-150015
-257985
-245060
-261470
-316880
-319095
-363285
-425320
-430870
-450630
-446845
-443485
-430470
-434080
-485870
-470235
-544885
-496360
-496950
-457630
-454035
-495535
-452670
-434600
-383650
-357375
-245135
-242830
-228170
-195160
-167535
-114135
-91390
-81390
-49460
-33365
-43735
-8590
11690
52470
77275
55115
151670
166600
172810
209445
241265
300430
308090
352940
386945
436615
450150
449580
483300
533005
619015
567610
553800
571320
610665
574165
536050
514300
480160
487295
401865
324990
315050
312420
297455
219665
157860
157190
86380
75725
41515
12740
10910
-52580
-79665
-98435
-137940
-131320
-147230
-197615
-323035
-345800
-325950
-322300
-361525
-397735
-436660
-413180
-431730
-455785
-498885
-476690
-465240
-538010
-567805
-598485
-528730
-506520
-442800
-470615
-396485
-321150
-285120
-236890
-247735
-136185
-78120
-44610
29410
19885
208265
195410
235280
320570
299095
413215
440520
484010
471340
438245
491715
477840
511810
569790
530065
467415
460240
486250
422570
390415
304765
287790
321810
225230
195745
175565
151810
184190
163340
136495
89565
84950
129510
178600
158655
163115
193810
246420
309380
276505
322215
340220
391200
423280
375765
357315
322570
363990
350300
294735
238365
177220
187630
69040
9695
-79735
-194280
-199890
-287090
-343355
-484535
-564860
-560680
-710320
-750525
-924835
-930010
-910580
-992870
-1012625
-1057035
-1009470
-957690
-885560
-885945
-894235
-740400
-650250
-557710
-543635
-411785
-271670
-166480
55860
68305
293315
378560
461810
638670
642305
786115
808440
853070
933650
925365
1045215
964650
958760
886120
868455
783315
700820
656930
467780
449025
270815
196310
147080
13710
2955
-156335
-160390
-172280
-250910
-244985
-299335
-232500
-204030
-138720
-120665
-51335
58070
119260
316330
333665
501115
569220
625730
762760
767325
