0
0
0
0
0
0
0
0
0
0
0
0
0
0
0
0
0
0
0
0
0
0
0
0
-565780
-589350
-616190
-640050
-663880
-677220
-657130
-663050
-667610
-690650
-726010
-723540
-776130
-791280
-807880
-823240
-903020
-822960
-816310
-818950
-816160
-745440
-774160
-734180
-674620
-589100
-573640
-368450
-270510
-189510
-116100
-130700
54770
163980
279670
400490
453220
600590
676430
746300
812850
1018580
899850
921090
944530
966920
1142780
961220
919130
853210
778850
750720
625700
559970
499930
434650
303750
263120
177270
109940
53820
-73990
-33320
-64050
-79870
-81240
-98370
-52600
-28660
950
34090
-7470
130830
195480
266400
324200
346160
406290
447450
489860
529190
620580
578250
586910
583310
569740
650770
514100
472380
418480
350790
342200
206060
127600
44600
-44100
-127910
-218590
-300610
-379830
-457850
-569030
-593340
-649010
-701260
-751580
-869210
-834670
-871350
-901310
-923570
-970430
-951040
-953500
-933640
-895130
-839260
-839090
-830980
-832010
-826070
-822140
-788600
-765180
-742290
-710580
-705800
-633560
-603640
-569550
-528880
-480220
-427850
-353340
-261670
-163440
-115900
11500
79320
134010
188230
246260
334780
423990
517730
602980
660320
732010
782810
821420
840460
900870
837940
840450
844880
837140
949200
762430
695110
617870
540830
547070
408880
351490
290600
221200
96620
92360
45240
3270
-33040
-198280
-73980
-66550
-45100
-12160
-33330
65390
106790
151070
203930
250670
340510
412250
476870
530690
614870
622830
666300
699220
725690
799150
756730
757990
747590
724480
759420
642050
581690
517810
447100
413720
289870
201910
107510
12920
-42320
-178850
-275900
-378230
-473710
-594770
-643170
-723600
-801260
-880080
-1011440
-1037910
-1111140
-1170420
-1216300
-1279530
-1264140
-1261060
-1258290
-1261170
-1289100
-1285990
-1285120
-1268170
-1247190
-1288350
-1178450
-1131780
-1071160
-1006280
-902210
-893200
-829970
-757530
-673860
-678250
-450020
-317090
-192430
-89520
-16800
82030
155080
233600
322680
396490
515450
599470
665610
722900
909560
792660
802820
797900
786690
856890
791020
783360
758330
716210
698230
574220
489100
409870
347440
272320
242980
192170
144890
107560
86250
51870
28540
14670
17920
-80530
82280
133830
189960
248740
230140
366420
431540
505680
587790
646410
761690
843270
919700
986400
1110480
1074500
1096870
1111880
1119770
1226780
1113040
1093260
1057170
1004870
1031510
854210
761600
660870
550610
440260
318060
198480
79690
-44840
-154560
-313300
-447970
-577330
-699000
-836870
-917980
-1021240
-1123070
-1228760
-1366380
-1421100
-1497120
-1555120
-1586560
-1650840
-1609290
-1615370
-1624820
-1632250
-1695480
-1629280
-1619570
-1594090
-1548550
-1577830
-1406070
-1320800
-1240040
-1161300
-1035410
-998230
-905030
-796260
-666200
-606490
-386810
-261840
-148320
-55050
69010
101660
182960
271040
365110
425980
546450
630250
690240
723050
862730
729350
722430
722440
727650
788670
725570
710030
677980
626440
631380
501150
441090
390270
347600
246880
294530
283830
277570
268360
213210
248800
249880
269420
303820
257210
406920
464280
521490
575880
622220
677650
730240
784450
842750
916390
965910
1023220
1066550
1092110
1170960
1101270
1084810
1056690
1024750
1028970
931770
877110
810850
730990
745620
538550
423680
307690
190840
108860
-32500
-142180
-264110
-384580
-541270
-627310
-738480
-848760
-948060
-1107060
-1119400
-1194510
-1259260
-1324140
-1407530
-1415260
-1445040
-1456820
-1456890
-1502890
-1454610
-1448830
-1445260
-1429670
-1440180
-1385570
-1354430
-1303720
-1244920
-1186310
-1102630
-1041600
-972100
-908200
-859680
-764720
-671950
-571630
-461870
-422680
-274620
-190360
-118270
-50120
62440
86990
156730
236980
315380
426960
464740
519120
554580
578160
638450
609700
636700
659420
681970
692150
703020
694120
678770
651370
677630
589450
557180
533670
518510
506120
501460
495980
480380
459430
433140
420540
413110
416170
425870
371470
464490
486390
508090
525620
531480
557640
577350
598990
624520
635290
684350
711160
729190
740140
811940
744760
739650
730090
716760
736800
693040
669840
636670
593300
563100
479470
408010
333840
265270
206330
122950
42930
-35870
-118470
-169890
-288540
-373450
-466930
-549390
-622050
-701610
-774040
-842880
-914120
-1011520
-1040180
-1096100
-1129870
-1147710
-1220570
-1176870
-1182230
-1188110
-1191390
-1226080
-1177920
-1167340
-1151460
-1126130
-1121210
-1031670
-978350
-916470
-865120
-804640
-749580
-680330
-602530
-515770
-471630
-350630
-263420
-186720
-116510
-25210
11040
71210
135180
201480
244160
331410
399150
455440
500500
585910
553710
570060
582380
592510
629700
590580
585030
572380
553320
585780
495510
457100
415320
370910
351330
303000
280100
258860
236810
170710
201360
186290
178240
178170
131800
194200
217620
247690
284930
276280
370770
410480
448610
487100
528430
570960
621020
669240
712140
780290
779810
799120
816020
824780
868740
806170
787790
757610
714320
727820
618730
556780
479080
411650
383930
248010
171150
82500
3510
-73930
-160030
-252210
-318420
-394210
-526780
-532920
-592410
-662290
-705120
-796660
-793220
-836200
-861840
-889540
-962220
-919710
-926130
-912170
-918590
-888090
-897020
-898740
-878050
-875440
-860860
-866670
-842860
-840930
-810920
-775360
-748470
-710390
-661460
-642080
-622030
-555650
-503560
-454370
-379980
-384020
-252020
-181450
-121180
-55370
-9260
72790
143560
208510
287090
382980
443750
514490
578430
622950
705290
683670
697180
711130
729920
771070
735760
731970
719230
696730
751760
636510
590240
544720
501310
447410
425800
391840
361390
330510
283750
273250
246050
225820
212220
159580
217620
231980
247130
274170
258050
327210
354340
378760
405110
424580
466520
502690
541980
580170
645950
636050
654190
664020
661100
686120
647170
623870
598820
578020
575380
491950
446040
382520
317310
300090
182290
108270
50790
-16900
-63850
-148910
-225620
-288520
-358110
-482570
-476460
-535400
-582950
-617540
-697700
-694360
-715880
-736940
-772480
-781750
-801030
-810130
-797010
-795730
-799060
-765470
-753350
-754630
-743810
-733320
-733900
-720260
-720670
-709130
-727390
-675570
-642300
-611150
-586300
-508200
-517020
-481750
-438660
-383900
-405080
-266680
-206730
-142980
-70690
-40710
62440
135770
209580
280350
340490
440070
521370
602550
672120
763840
787900
833430
867240
897940
992200
935490
944880
947210
944230
994820
915010
889800
854380
813410
803050
723180
678550
637470
589140
512480
501730
462560
425480
394340
350230
335490
306610
284720
264940
229550
259660
268400
275080
280830
261560
288400
300800
301430
304090
315530
316060
319330
326120
324820
360810
311790
285850
257570
230250
219170
153350
135030
98000
53720
48870
-39810
-80000
-140970
-182100
-195010
-274920
-323940
-366490
-398030
-529740
-467890
-500080
-535290
-548910
-627930
-612730
-610060
-626280
-646000
-614970
-660400
-681980
-689600
-688160
-679030
-709330
-727180
-724860
-726350
-749910
-711060
-701450
-688710
-681090
-704010
-678550
-668130
-665610
-654830
-635120
-583150
-556620
-503100
-448220
-405890
-324560
-261850
-194370
-117520
-100900
51310
141920
228180
308930
377640
465220
535500
604530
666910
775330
798470
852420
906110
944960
1033510
998900
1007980
1004090
998510
1056920
958840
933750
899010
854740
843280
770360
717990
666870
607340
554930
495490
436890
388300
343600
261060
266060
231140
199980
177470
99620
117580
103120
76260
62380
30000
52320
45760
44420
45280
77150
29640
15370
11080
-7900
-880
-30410
-50550
-59140
-81070
-116470
-119460
-145560
-179210
-189130
-218510
-233650
-254300
-267370
-280500
-323580
-311770
-323470
-316370
-342220
-284940
-325620
-339740
-312890
-317960
-352440
-286330
-263750
-265770
-237630
-248320
-240640
-190700
-178690
-193760
-104630
-164060
-170470
-148950
-157410
-75910
-174460
-195050
-247030
-228310
-401200
-291410
-259530
-309810
-298740
-348260
-331910
-347880
-332720
-356460
-244460
-330510
-360170
-328240
-298860
-385920
-251450
-208700
-196700
-141910
-129130
-45720
24060
103440
137160
213560
271030
297280
364770
409140
468310
487240
534970
555560
596340
658560
647900
672450
680910
676920
732690
658790
636530
618840
577420
575490
503720
462630
414180
370910
328700
262510
207780
148430
105380
51260
13230
-20480
-61880
-91790
-175090
-153280
-170510
-194880
-197430
-233880
-203780
-207020
-194950
-174900
-205380
-141170
-136630
-118840
-88700
-103770
-57490
-17110
-1620
5770
90760
58360
57360
92640
87370
156830
104730
87040
80080
87490
56610
55970
68270
56750
40410
12780
25470
19990
23020
17010
80860
27810
25160
27140
48600
-60360
43600
76810
48320
75240
89350
82790
102370
122550
99080
168460
118390
87360
79530
84810
71920
28600
24050
-30370
-58990
-121190
-139370
-185200
-215700
-261910
-259520
-322400
-372870
-387890
-429850
-480620
-489650
-522070
-553880
-546450
-609990
-561970
-531770
-518620
-506810
-483030
-424090
-393870
-322900
-282370
-259230
-154110
-90670
-30860
31500
75690
131720
179770
217180
261440
310950
318720
352660
366800
357430
474070
347530
322050
298720
252680
281400
165860
106180
42570
-6250
-77880
-142700
-198270
-262420
-317690
-425860
-413950
-447990
-480090
-498590
-546210
-497640
-495880
-475000
-436590
-482260
-365650
-321260
-273430
-215880
-209970
-95580
-18190
58080
104150
198750
264490
274840
357290
407530
489840
488210
504710
532700
550520
529310
544100
563540
541450
507000
637570
466270
426700
421820
357810
437010
310010
246280
214590
198980
13000
92490
124010
48480
33340
-24700
-15670
-11430
740
-42410
23940
-34000
-57430
-45230
-35540
-42060
-39350
-37940
-67300
-25140
-151000
-80930
-77650
-111870
-122830
-125800
-168230
-205700
-208460
-268760
-217330
-310540
-371560
-410480
-409240
-413720
-476480
-516590
-550270
-575950
-711900
-643430
-654290
-671610
-696480
-711050
-679100
-673420
-650290
-659920
-581150
-608450
-604560
-571910
-520850
-554890
-469750
-409570
-390900
-366170
-310950
-305260
-256520
-224550
-204760
-143220
-129920
-109800
-87890
-60730
-32490
-45620
-31850
-36420
-19860
-46770
-12540
-7540
-13110
-11860
-6340
-1480
-1000
3600
23170
14720
52470
63080
89870
122170
138170
184040
226210
257170
303840
323520
398390
432980
490660
527120
533900
615720
639030
692390
707390
762530
764180
755660
781300
774930
840950
761180
752450
727930
699640
740320
640470
590570
577090
511190
529880
417700
392250
332520
297570
224580
224490
210670
170400
137940
85970
86420
96380
67580
62190
35040
58840
48540
50600
58140
48740
48780
44330
30090
43710
-1570
11310
2510
-21060
-38660
-31100
-119200
-149050
-205220
-241670
-242840
-341450
-415040
-468620
-536580
-600620
-660910
-718280
-775700
-825800
-910110
-926780
-953920
-1001980
-1041580
-1106590
-1078650
-1102600
-1085860
-1087210
-1092270
-1014900
-989230
-931450
-862200
-862680
-735540
-640440
-567230
-474680
-461380
-289850
-195950
-105410
-24530
121800
157070
226070
312670
377320
491040
495110
535540
574030
605830
684150
622000
629570
611320
589410
632900
539620
505810
467030
424140
369980
343490
298060
262220
230010
205290
170550
155360
143300
147010
77450
166780
199180
216630
247780
207670
327020
363510
418400
473760
510880
577520
608820
665190
708790
749130
769830
808050
821840
817520
899760
835720
816820
812190
765840
886640
717630
626460
606650
548410
442530
414340
368410
300310
231840
129340
102540
74870
11140
-49830
-23950
-110630
-174920
-197790
-210010
-271420
-284480
-310260
-349890
-364180
-490840
-434050
-427860
-487340
-517120
-503030
-560280
-607410
-630380
-681290
-670650
-758150
-826640
-845780
-886360
-900600
-966470
-973320
-1003170
-1035890
-1068910
-1053860
-1049000
-1063270
-1058970
-1152720
-1027580
-995090
-947000
-892800
-827810
-770700
-695030
-615040
-529190
-489250
-355390
-261830
-184380
-81430
-46840
79870
156550
226440
293730
405270
391510
430010
473730
511880
595480
547000
556720
546820
532280
582390
472170
438090
390400
355910
342030
286020
252800
215830
186630
126720
121600
92750
74600
69210
-24870
76690
95950
121430
143190
142630
229370
264440
320910
369590
395970
488420
545080
595340
657040
714520
731600
770590
796070
809900
913690
825810
819150
808170
791050
819730
717690
683110
620950
576810
524030
433280
380400
296920
218290
154800
77720
-12660
-85300
-154710
-292390
-276130
-350180
-386310
-419890
-531900
-490480
-521570
-538700
-566730
-534770
-568100
-611130
-607080
-630760
-693150
-623430
-667830
-655190
-664030
-634520
-716470
-707700
-710020
-732450
-600750
-722760
-705990
-720770
-732320
-752250
-727880
-727140
-737090
-732150
-859050
-740500
-687830
-652090
-605560
-542270
-517570
-431870
-383840
-313560
-287500
-143870
-85910
-9250
69250
60540
194620
246100
309930
360300
482690
432480
470050
498840
517900
609320
557550
546430
533200
517480
551910
453020
414270
373050
336890
280480
242000
214790
178290
145530
103920
84510
71250
57760
51970
10280
73510
98110
123300
158510
107460
229620
271730
311940
355600
393870
447970
490360
531930
557570
636930
608850
619580
618860
621450
685040
585960
562020
520990
478350
489020
363510
303850
247300
177250
137320
43800
-19030
-87270
-148610
-260210
-266470
-323280
-369580
-401650
-518860
-464040
-479910
-498510
-509540
-554270
-522220
-526370
-521200
-517950
-505540
-520940
-524580
-537480
-550980
-508040
-593200
-631610
-653020
-667170
-648360
-676070
-687700
-697890
-705800
-740450
-731460
-749820
-761220
-790430
-896630
-786350
-766450
-737060
-693140
-616990
-562840
-496600
-410530
-311310
-292930
-133300
-34990
55940
139880
183890
280710
361590
419100
471610
617380
578510
610450
639590
669570
737620
675260
659630
639800
605350
662790
525850
482350
431080
373580
327060
277730
236360
199710
167550
53390
122060
106990
115770
123720
94650
155970
187300
222000
257870
230240
350100
392840
430900
466780
533360
526460
548270
559880
566630
650210
557310
543470
516590
472950
496610
364300
303700
233340
161230
142280
10960
-59990
-126690
-188420
-305940
-308070
-364980
-414500
-448950
-551410
-498850
-512480
-514930
-520640
-593490
-508940
-499090
-493660
-480650
-490690
-465380
-467030
-474220
-487110
-425250
-540040
-574810
-599120
-604770
-513830
-617600
-622810
-636280
-650980
-674140
-695650
-737870
-784690
-814570
-1001040
-835740
-809950
-771630
-719740
-633480
-563220
-466910
-358960
-251040
-214780
-35650
73190
171430
259130
273820
418110
491350
560260
614860
826670
700070
731280
749010
757850
829440
734420
698420
656970
599150
640520
476190
407900
337840
271910
201690
163910
127170
94930
64830
-122630
37760
40950
65680
102770
99980
194160
257180
331230
406620
395250
547910
604980
658920
710220
821800
786100
807280
814420
816030
950520
787710
752520
704300
641660
618570
487600
405470
312500
215780
196230
25080
-59760
-138390
-214530
-386960
-353150
-411290
-456390
-489620
-618280
-538610
-552740
-562140
-564470
-593760
-549180
-541310
-538960
-538870
-567990
-551890
-579500
-617640
-663620
-556230
-734210
-738730
-736070
-734510
-669040
-728860
-724970
-724300
-738640
-890880
-811130
-834730
-835330
-809950
-876240
-709150
-628260
-530250
-417480
-287150
-156940
-22010
104480
228130
181720
453220
539360
609410
668800
818070
765070
798550
813980
823200
1076690
813040
789800
749230
692420
708270
550810
465190
385030
312690
274700
162240
92570
38910
5980
-217640
-21020
-34080
-33360
-9420
-127530
89430
156930
228490
309280
390880
505750
606030
697820
775650
870030
900080
951210
988990
1009260
1196750
1001500
982090
955080
908150
950370
766450
678330
585280
489180
397550
292180
189060
92060
6490
-103880
-139130
-202610
-261480
-314620
-516050
-392960
-416990
-440980
-467140
-513290
-512760
-530110
-548530
-577350
-548850
-641000
-683730
-733470
-798010
-763280
-920970
-943470
-951610
-967660
-916200
-993830
-999180
-1003050
-1013380
-1212430
-1071310
-1090820
-1090190
-1058060
-1142170
-908750
-795610
-664750
-509190
-305170
-181280
-6710
151270
300920
221080
563940
657810
738580
811620
1052240
933240
977990
1012330
1030360
1309010
1041310
1018410
983770
923120
885030
768890
676850
589780
512680
513620
378600
318120
274720
246280
-30750
209540
196940
191220
206440
112120
276430
324920
372480
431360
557020
555530
609270
651450
691390
731340
744180
769450
781940
781830
988240
744200
712160
678310
634400
539440
516400
443730
374690
305360
208830
181980
120780
73670
36760
15740
9850
4160
-4630
-15160
-197580
-41000
-62770
-91030
-133840
-83020
-221290
-266790
-322140
-384880
-335050
-545110
-641570
-760700
-890030
-917320
-1105690
-1151530
-1170620
-1183470
-1177300
-1210580
-1203980
-1197860
-1214320
-1619560
-1308300
-1339170
-1331230
-1278830
-1287290
-1085020
-941440
-763690
-570730
-175850
-176320
7450
181210
328350
138140
534830
586340
622190
652460
931050
709070
735940
757550
773420
1042600
790930
778840
745230
689310
548610
557690
490420
428480
386940
452520
339740
327390
323900
341310
47990
401360
420220
431130
458410
446130
561830
611270
652360
698580
901820
806380
840100
852980
847980
849660
812620
787660
754880
711480
936540
611560
559910
514330
465900
283210
338850
264670
198310
138930
-35730
46550
7250
-15470
-18720
14750
14880
33580
47250
54410
-110600
44980
31430
3750
-36280
120830
-128140
-175770
-227160
-294050
-261980
-481970
-595570
-734370
-894960
-1050410
-1220710
-1310650
-1345780
-1370530
-1314720
-1380650
-1354460
-1324620
-1301780
-1680780
-1366080
-1402440
-1405190
-1380440
-1547110
-1230090
-1100820
-940460
-752170
-202000
-374160
-177080
6630
154400
-44820
364980
405920
419210
429540
640260
414510
426100
442370
446730
718460
475450
471090
450750
411640
198160
277260
222850
167770
126800
218040
106350
99920
105190
128510
-106370
192700
228630
250300
283280
252940
414460
474780
537520
607210
867750
756490
812090
837100
845080
779940
854190
833220
806650
774020
1013730
721990
695540
671240
651220
583260
588440
525700
458580
393720
159370
285460
231890
185320
161790
279660
178000
198780
210910
223440
48870
219530
199190
169100
131640
206140
44190
-5170
-54490
-110940
-11990
-261250
-357470
-468160
-600970
-806330
-931100
-1095030
-1210710
-1267340
-1107580
-1296650
-1297980
-1270230
-1223730
-1446490
-1165110
-1195130
-1245080
-1282890
-1744650
-1278010
-1235360
-1164970
-1054070
-547390
-721780
-541980
-362190
-187950
-31940
97760
195410
249770
267910
197820
257130
250340
248460
254270
546280
261840
266920
273140
270940
135080
211740
151970
91980
46150
62470
-13930
-27660
-40340
-47190
-91010
-21850
4880
31160
46110
-165970
83360
134770
193980
249260
483070
359930
432550
511740
573440
542420
628120
647160
663890
668500
740550
634920
616490
607300
607130
753380
610770
604080
579280
539840
298160
453880
413210
367160
311110
322690
242200
249620
263690
270600
265550
264880
265100
256020
229960
146860
132610
80000
31220
-24940
64530
-170750
-260230
-363080
-475270
-627170
-752650
-923840
-1086950
-1209260
-1174850
-1283090
-1289950
-1298860
-1284210
-1319790
-1171870
-1126490
-1130110
-1162100
-1745290
-1161560
-1123430
-1079930
-1022260
-678750
-793600
-620040
-434970
-256130
171840
100200
252130
366850
441450
273730
478980
468120
456020
445080
649450
443690
421920
405710
392060
363560
349650
298200
226420
154840
79590
59870
23180
-4260
-23180
90720
-25770
-6310
21470
51900
-197310
78470
94750
131950
184970
287520
279780
335300
407990
500560
611530
626510
652120
669030
680230
636580
658890
606680
556010
524230
768950
489920
476910
455450
424450
284880
349590
310200
264210
201780
49910
70890
39460
36170
43990
95130
47680
52990
72880
93670
-21710
63230
34850
5120
-21170
56880
-103750
-160330
-219910
-293500
-305570
-480320
-606980
-751470
-903450
-1026720
-1184700
-1256940
-1288410
-1304560
-1206240
-1298510
-1258350
-1198780
-1153380
-1470480
-1180980
-1201770
-1190890
-1156760
-1351960
-1071650
-997000
-864260
-679580
-160390
-306080
-123210
56190
225500
163160
453080
489780
501710
503990
535680
501840
508900
517200
528590
844310
559060
575700
581440
558900
376340
443860
386670
337290
290700
358110
214250
195370
203870
228090
136380
297190
317740
322260
326690
111560
380000
416200
450120
491090
706110
664920
766870
840140
884690
898220
958420
982580
971990
923130
973800
832020
819240
805390
782010
965410
731100
711180
684130
640660
414990
505340
415090
323770
244440
151730
139780
97760
56990
23630
1810
-3360
-22110
-66810
-127360
-273880
-243580
-308890
-388530
-480480
-372830
-654280
-729660
-811580
-909690
-964880
-1146480
-1244710
-1307420
-1340630
-1367500
-1382200
-1391690
-1370230
-1319420
-1387940
-1237120
-1243060
-1250040
-1231830
-1626300
-1141660
-1100940
-1046340
-946230
-550860
-627670
-461620
-295040
-121660
142310
211480
325850
386030
410690
255250
402890
391990
377790
371340
704770
389910
421370
459760
498870
494190
499410
461420
412470
364940
195210
260150
212500
175890
169060
274940
252540
316280
372810
416300
236360
515470
568080
610010
638630
681650
725800
804540
897400
979580
1199970
1119710
1191700
1252060
1279590
1231020
1223440
1177600
1144040
1112270
1227020
1021930
976510
944190
922340
938610
849020
784000
706640
626380
359090
474210
399830
325270
259340
257740
167300
135330
103420
62900
5450
-30600
-87630
-162600
-263410
-339210
-507960
-637600
-764150
-893890
-845710
-1152180
-1283650
-1391620
-1468020
-1533230
-1566510
-1615950
-1663050
-1687200
-1874560
-1670840
-1678600
-1700890
-1712950
-2011510
-1637820
-1579510
-1527370
-1455920
-1287630
-1190790
-1024720
-869320
-714640
-363360
-374940
-208390
-80040
6230
-22780
113990
151930
178600
191240
330130
212320
238610
273690
313670
463650
365670
365840
350850
323110
171410
246550
195250
146820
107060
138290
100710
138000
187280
238120
234630
343880
408760
469490
514070
400920
575030
626710
695510
763970
920620
886190
961730
1048890
1124350
1212980
1179270
1175530
1171900
1170390
1185510
1110540
1070540
1039100
1022080
1150090
1004880
984440
960550
931570
764150
863420
813180
750120
683970
532370
561760
510480
459130
412500
488260
321440
276940
221740
141290
77300
-85940
-220850
-365670
-515860
-556890
-837980
-990780
-1126750
-1230270
-1243810
-1360290
-1414960
-1466400
-1502560
-1770730
-1537450
-1562100
-1600770
-1637390
-1930930
-1613770
-1567300
-1516830
-1452100
-1269250
-1219530
-1067880
-921870
-791750
-545920
-516060
-379530
-264160
-186850
-165650
-104870
-66690
-29260
-9960
90160
5250
16270
45230
77710
171640
101380
95300
83980
71660
-8260
24510
-9050
-37170
-56860
-78060
-55590
-26500
15430
67730
90960
178840
249680
320910
383100
327250
474690
530410
595350
658460
748240
752610
817400
898170
968790
1113880
1036660
1041300
1045320
1048600
1059450
990030
946060
906400
881010
936950
849390
829240
817050
807550
751340
791250
778150
756940
730360
538050
665750
626310
581620
540160
594660
474650
446830
414820
365860
422150
220250
121920
8380
-124310
-204080
-424830
-583160
-731660
-850440
-843420
-1026040
-1106270
-1186250
-1247540
-1466320
-1306100
-1342000
-1392870
-1440280
-1770530
-1454910
-1434050
-1417270
-1385640
-1268410
-1201840
-1072670
-946260
-826210
-611740
-544470
-395820
-276710
-199390
-164110
-101230
-53380
-11840
6680
93480
12780
23440
48090
71600
205800
79020
67450
55150
39920
-22380
-28710
-79080
-126580
-166020
-254750
-231580
-248960
-246090
-219820
-183100
-115470
-39880
47150
135530
102040
294770
374530
454490
528600
497290
637380
702320
784310
866680
1074030
966890
1001650
1044850
1086640
1235750
1081130
1052860
1028910
1007140
1009610
913260
848930
795190
758480
717000
687980
649250
619830
602700
432140
561680
518620
470950
425070
346490
337730
290520
239930
183740
260420
63970
-12290
-98200
-202680
-180680
-437600
-566210
-676650
-766310
-789830
-939210
-1024650
-1099200
-1152330
-1320050
-1221670
-1269080
-1311070
-1331800
-1620630
-1312890
-1301600
-1286700
-1235670
-1160310
-1032580
-921020
-811660
-682930
-460440
-373590
-236140
-149860
-97550
-69960
570
38740
48980
32690
139530
3010
14370
21660
16740
175340
-9080
-10840
-14750
-42200
-158200
-141490
-189100
-234030
-281790
-429310
-369210
-381490
-366550
-331170
-298470
-195150
-96890
15350
127420
133810
347680
459710
557140
630060
584180
751830
821240
889600
939470
1134210
995030
1034080
1076160
1097680
1307050
1067650
1045620
1030330
1001640
972260
867380
793710
734770
688090
570500
580860
529800
503300
503220
355160
501700
483150
463100
451360
360970
414960
375580
322760
267410
330060
147600
68230
-23210
-123840
-280
-337920
-441420
-530170
-611990
-628580
-791720
-882360
-958760
-1022990
-1270190
-1166370
-1239960
-1284940
-1297850
-1539160
-1273380
-1258910
-1211880
-1116120
-1010590
-870680
-749050
-619490
-463710
-316660
-138750
-25470
49710
113660
197350
238920
272320
277290
269410
436940
279110
288540
279990
258150
386140
204270
182640
143770
84100
-31270
-49120
-110440
-170840
-235550
-388930
-326060
-333520
-316370
-279630
-273200
-143720
-47390
61030
171940
157220
401460
508480
601800
681890
675220
840540
917800
980530
1023790
1229840
1100880
1141050
1160520
1156150
1336510
1116030
1095870
1057520
992100
965100
828050
757770
687050
606120
460210
439050
384590
346940
314470
152740
249640
231890
221530
204980
110990
140590
97820
53190
1260
-8060
-136150
-219220
-306060
-396040
-270000
-542270
-598370
-656010
-719190
-734750
-829470
-869710
-912910
-975520
-1290820
-1102360
-1136700
-1150370
-1151230
-1254180
-1109570
-1032290
-922700
-803510
-664900
-550150
-394910
-223950
-58060
5720
166020
239620
307870
369260
467080
413010
398190
384240
383350
598100
379360
355980
324660
296650
371940
242460
186850
118320
51510
-156970
-74660
-147370
-220740
-278610
-416300
-322600
-310610
-271690
-204100
-105160
-320
118980
245370
378490
399560
611460
696530
772850
849590
856950
974440
1007830
1035270
1071560
1325730
1142270
1146650
1136290
1122600
1247470
1079590
1020370
936870
845840
763530
673500
581490
483040
388860
271760
245730
190830
138250
90020
-61960
24620
3410
-20040
-46760
-123740
-129460
-180620
-245100
-317160
-325990
-488790
-583800
-668700
-733450
-597650
-827320
-873920
-919100
-951100
-958690
-986780
-1021000
-1068110
-1115090
-1494840
-1171320
-1187460
-1195220
-1178550
-1158810
-1016410
-895330
-756500
-602560
-373850
-237130
-55480
95810
212080
170870
374810
428080
454990
453710
621820
416580
401990
389370
374640
646020
339610
320560
295760
256690
196000
134120
64420
-12310
-94340
-380130
-255420
-315700
-361630
-394990
-519180
-384240
-329130
-247730
-150320
-21930
92230
240020
388220
520780
543010
732770
828920
911330
968640
993460
1029100
1062650
1103000
1132470
1397170
1158070
1176950
1197530
1201400
1271560
1117850
1050750
978620
895110
726710
677420
566360
474160
398030
327250
256770
193820
147820
115210
1180
44640
-2590
-53880
-106890
-226290
-246550
-341210
-443240
-543490
-528310
-708790
-777170
-841920
-896600
-824330
-976570
-999330
-1025730
-1063290
-1193330
-1130340
-1151320
-1166350
-1180400
-1393090
-1185680
-1152830
-1099360
-1026150
-948020
-807650
-657550
-487050
-309820
-175710
8660
140090
251160
339410
335510
437410
443430
430210
412260
629330
373340
348530
317120
286450
519530
239950
207760
162620
103540
-70260
-33590
-113190
-197410
-280380
-557020
-407590
-439400
-444940
-426750
-433760
-316120
-227800
-117300
8630
120060
264960
386700
506320
620250
661150
800760
857000
904130
946170
1060960
1003960
1018700
1030710
1049840
1257200
1085660
1087050
1075220
1052750
1057080
970320
899790
813390
717930
527840
526880
434180
343750
263370
228840
138870
95930
58370
21250
-22650
-68050
-125300
-188960
-264830
-406730
-455470
-546330
-625430
-699800
-667110
-832470
-883200
-910920
-923730
-919660
-972600
-1000250
-1020170
-1031230
-1200230
-1047890
-1055380
-1040650
-1002630
-1015410
-874070
-782190
-673790
-546450
-473930
-267330
-134100
-8540
105640
143530
288180
355360
394910
407420
535400
388110
368020
339300
291760
490780
165040
107330
47750
-13540
50280
-158130
-227860
-297850
-373080
-661170
-514620
-578820
-632190
-669690
-925720
-676240
-638300
-578620
-495880
-415720
-252890
-109190
33220
170420
292320
447310
574430
676790
752920
862040
872620
923750
962370
985310
1178950
1017910
1036540
1048080
1050410
1139580
1020630
989700
947030
894210
761950
754280
664790
571730
480570
344820
299620
209000
124410
53470
51800
-56470
-113350
-171390
-227440
-262850
-340280
-406090
-468580
-526740
-638740
-651900
-715600
-772380
-813990
-837810
-882240
-912950
-928160
-927080
-957930
-909160
-899910
-878890
-839000
-854620
-746410
-692330
-617480
-518880
-459070
-294740
-183760
-74760
34790
63410
231360
309150
376830
423190
463110
462080
465030
461280
446430
666990
360420
308270
254320
187060
284350
7760
-93040
-188650
-287650
-450420
-495810
-588800
-668600
-730330
-960940
-807430
-818480
-809120
-778320
-924580
-647340
-554140
-452880
-342720
-274390
-84550
55380
183890
296580
444060
506610
601440
676580
731790
920010
815160
853830
882610
895410
1067710
902310
899380
889780
867620
795580
789080
736170
674070
609760
451990
471270
392640
313670
240670
196430
116110
50870
-20690
-88830
-87260
-210340
-280720
-353330
-414620
-427080
-514770
-566590
-625130
-676090
-762060
-735970
-771590
-810680
-845310
-994010
-874810
-874260
-868320
-846680
-821840
-749560
-683990
-603070
-504730
-386570
-287210
-174020
-63830
42050
68400
242390
325730
404040
474030
518280
552120
573500
584510
588190
716540
538620
486510
432470
369860
501430
208170
112010
8610
-95280
-151550
-318380
-428180
-534120
-637000
-886770
-803600
-854640
-881620
-889790
-1033080
-841860
-773350
-683580
-585810
-631070
-356020
-226710
-95550
27880
97540
252830
363130
462680
544260
769790
677420
734630
784410
819770
1034920
861380
866470
855530
836350
867300
787080
752150
705770
651750
474440
557220
508040
449220
388650
253410
284510
237710
182040
121740
128110
19380
-31540
-91850
-152440
-86150
-254710
-301460
-352260
-409020
-432870
-506410
-553180
-604640
-656880
-836520
-748890
-781430
-801950
-810930
-890730
-780030
-743380
-685530
-605040
-511070
-403690
-294700
-175460
-53400
-22780
172990
272020
364950
457460
534870
599130
647730
695650
741200
910730
789520
780210
755740
721980
813570
589510
496360
390510
272890
235530
12300
-121190
-248540
-370420
-481310
-612800
-711490
-789100
-853040
-1047680
-946060
-962060
-948500
-915010
-1049890
-814100
-732230
-630150
-514690
-531670
-281250
-164470
-43970
71500
188290
274990
361880
441500
513880
771350
637950
685570
717490
736780
896710
761420
762320
745180
712930
645740
643050
609870
567980
517810
379560
430950
398220
364550
325140
251790
243200
206600
164650
115270
133170
13030
-35570
-83160
-129010
-70440
-220620
-266510
-310850
-353220
-417790
-444270
-499560
-555810
-603680
-759280
-668110
-691500
-706700
-704420
-727670
-628210
-567650
-500750
-420590
-378500
-228200
-127570
-28920
65000
94330
255950
346600
427620
503940
633100
641640
706460
764260
808270
932320
854540
855280
844520
821440
883000
711970
633230
546500
453340
425040
247230
132010
18790
-88130
-180760
-288640
-382210
-466940
-541730
-680990
-649600
-687330
-714930
-732260
-878720
-727130
-704880
-675870
-641640
-679290
-549490
-489280
-424670
-360620
-269550
-228840
-155200
-79030
-5720
138060
123660
188040
251480
311110
392260
410770
452780
492740
527390
513810
573110
585600
593880
598210
587830
588560
570810
547580
520070
554890
441340
386550
319710
245150
264180
91010
3870
-88500
-188810
-238440
-388940
-481140
-570490
-656290
-785620
-814460
-878830
-929730
-970670
-1104400
-1026780
-1033740
-1022330
-992470
-1044320
-888440
-815180
-723720
-617200
-573820
-391420
-272090
-150320
-20830
71280
229630
339240
443280
544320
690130
729530
803920
861950
909280
1062430
976470
990610
987270
964790
1021160
882050
824760
754720
672630
652750
484520
385480
286380
185020
90520
-14860
-106590
-190190
-268330
-403310
-413680
-472580
-519240
-556500
-676880
-616510
-637990
-649090
-649120
-698940
-628150
-608270
-580650
-544210
-497150
-444410
-386540
-323710
-257170
-190080
-111070
-34360
37170
105240
136480
240640
308040
367990
418700
464610
511670
556140
593780
620510
696860
642640
645450
638820
618060
674450
538730
483350
418120
342750
334290
165070
68890
-31670
-133550
-217760
-337880
-440900
-538530
-628210
-752440
-785750
-856330
-920750
-972580
-1099930
-1029830
-1044030
-1049590
-1040780
-1099220
-968810
-907550
-836580
-753260
-707470
-548290
-434620
-315990
-197880
-127950
35460
146210
249780
346190
446260
512370
585330
650970
708180
877870
792140
819370
839540
849150
953510
820990
783210
734910
677280
633940
530060
445500
358830
275130
198840
110950
32020
-42020
-111800
-209980
-238980
-297960
-350330
-396920
-502970
-478440
-509030
-531810
-544660
-563610
-542400
-528300
-504500
-472510
-462570
-391790
-345780
-294860
-240800
-234330
-119130
-55390
8910
74030
125850
209370
276990
340400
398150
460480
503650
550400
593030
627600
721510
677270
694430
702030
698900
753950
668110
636550
592020
536000
490080
394430
311440
222460
129400
84990
-52110
-140630
-229440
-317450
-380670
-476130
-546180
-618700
-691380
-832140
-818830
-868940
-911390
-946870
-1034640
-986380
-979480
-957240
-924150
-923770
-822620
-752470
-674790
-593950
-584160
-439340
-364170
-289870
-217630
-177170
-88910
-33110
24430
85660
240170
205690
259460
309810
356990
477610
435720
456430
464280
461420
420970
427520
397900
361960
324570
302970
254000
220450
187970
155710
173570
89470
55340
19200
-20280
-79140
-104400
-147930
-188170
-221010
-246570
-270760
-287690
-297430
-298580
-333860
-282670
-271230
-257140
-239810
-294630
-192230
-163290
-129330
-87820
-38410
15310
72500
131140
190700
255410
308680
363340
413590
456750
501160
528010
558140
585310
608990
676100
637130
641820
640660
632400
647520
589800
554310
511140
460850
442450
346310
284830
221120
155920
132950
23800
-40300
-102870
-165350
-248560
-293580
-353210
-410220
-465790
-563890
-570770
-615270
-652390
-684630
-742160
-734860
-748130
-752870
-749770
-764400
-737960
-729200
-716090
-699720
-698290
-665320
-648650
-629990
-606290
-594290
-544100
-506260
-464730
-419430
-363950
-315920
-261500
-208590
-158450
-147360
-68570
-29740
5350
35490
59860
94230
123320
151330
176670
275000
219570
236570
249040
258150
282250
258310
248820
235770
222200
220410
199420
186850
174620
164180
145310
153910
148030
137780
126180
63570
109480
104330
101480
102250
133760
124820
146850
172810
197960
235060
251450
280560
307940
329600
298800
357470
371410
386560
401200
432110
418700
427100
437170
446410
481680
457410
457990
455510
448920
455770
416480
396380
372280
345360
330980
287650
256070
225510
195690
166180
137970
106920
74790
41570
1780
-24310
-58850
-93390
-129170
-180590
-206340
-246790
-289630
-330800
-343320
-404640
-444550
-484860
-524840
-547460
-597570
-633240
-669720
-707210
-767560
-776170
-801540
-819740
-830950
-850970
-834320
-823590
-807930
-785540
-805950
-731830
-702710
-668310
-630040
-653400
-548510
-503640
-453800
-397050
-309470
-271190
-207800
-144910
-80540
-4960
44380
97750
142280
181860
218580
257900
293060
327710
359360
430170
424180
458850
488740
514490
547460
557150
572190
586370
599450
603290
607770
611370
617730
627620
659680
634340
633710
631560
631910
621360
617030
599780
579080
561710
548640
526340
502280
480350
459900
457340
419030
401270
381870
357790
322370
306580
281010
256850
231060
210900
184580
167100
155770
142530
129630
119400
109860
105300
98010
60570
70660
58210
45260
32980
19110
2510
-14940
-34110
-54700
-51830
-93490
-117350
-148930
-185610
-205620
-262620
-305130
-351970
-400510
-434650
-498740
-543080
-587340
-630640
-656920
-708850
-743530
-774510
-807180
-872620
-862570
-885850
-903350
-915420
-970560
-924970
-916090
-898350
-873780
-864400
-804560
-759790
-711390
-658590
-634670
-540520
-479630
-420010
-358910
-321600
-228080
-158410
-85690
-9960
81120
142080
219800
293610
359740
435580
481620
532300
577220
616060
667960
685040
713490
738150
757050
823110
779000
783310
783200
779580
794120
755090
739700
716430
694880
692290
653480
629720
607630
590860
566890
559240
538300
516810
497340
425960
451240
426240
401600
381060
381450
357360
347400
338970
334880
363020
331840
327260
319990
307690
262200
269690
250180
230060
202860
185810
145080
120460
98520
72520
70090
18750
-8480
-34470
-64400
-103150
-136820
-172060
-200850
-235500
-261860
-302140
-336290
-367210
-397590
-432090
-453740
-482230
-515620
-538170
-581490
-600180
-633300
-669380
-702770
-727310
-764680
-789210
-815160
-837800
-838880
-869520
-881740
-898140
-914780
-960830
-945090
-952410
-950280
-941840
-971000
-900350
-861750
-810320
-753810
-705490
-600060
-509760
-418100
-322100
-319500
-116890
-15760
85040
184600
247840
383530
481880
574340
662810
835020
820690
887050
936530
971850
1084510
1008340
1002900
987600
961650
1027180
884040
830390
772780
710740
672530
569290
489950
410920
335610
219020
195570
130560
73850
29250
-29130
-22520
-33210
-30670
-18200
-91030
28920
63670
101810
142330
119080
219400
261190
303230
340690
399370
400250
421250
438720
449570
536500
436230
419010
396420
370060
434600
294370
243720
187230
125260
68440
-10070
-81200
-154950
-230240
-362230
-360780
-418960
-473290
-514160
-575220
-576460
-600570
-612440
-617790
-674280
-629420
-629500
-625400
-623850
-632380
-621540
-615640
-612700
-613620
-580750
-612850
-623640
-633580
-648810
-652460
-669540
-672960
-676450
-691270
-673940
-712400
-709350
-717800
-738720
-789220
-763450
-764220
-755710
-734590
-723650
-655140
-596570
-523910
-436310
-374880
-244220
-137770
-37220
69580
18260
282880
388110
488420
589240
705010
785800
871850
949670
1016510
1196860
1111930
1136350
1143000
1129010
1226880
1053710
995670
927840
849350
913070
659770
554920
450430
348060
192560
139250
29840
-69820
-152910
-317020
-285450
-339680
-379740
-396070
-500160
-384860
-363200
-331120
-289060
-342070
-170980
-100030
-22880
56650
180580
226030
312280
396180
469460
538560
564800
595120
614150
615590
684300
563330
520360
465680
401610
489480
249950
157370
54770
-47360
-134770
-250820
-353520
-454390
-547700
-674200
-704330
-762300
-807980
-844850
-1006630
-870040
-863600
-843040
-813600
-907330
-746090
-700920
-653450
-609620
-543720
-528790
-492760
-461230
-438790
-329220
-406840
-386530
-375540
-375450
-268870
-405840
-426570
-452860
-493940
-564950
-601110
-639260
-664210
-674610
-729350
-647460
-608730
-545530
-464330
-447800
-269970
-162900
-46480
77150
-24490
330550
455740
578620
699760
867220
937870
1041260
1128690
1204710
1441220
1307990
1323220
1311310
1272930
1380200
1139690
1043010
927170
797440
852920
508830
354470
197200
44640
-184930
-239800
-375010
-492890
-585060
-769800
-687610
-707710
-706700
-677180
-824930
-547450
-460100
-361390
-253750
-345640
-11930
117990
248700
375990
624450
604780
707080
796920
869350
1070880
941110
943150
928010
893010
1043030
747370
644080
530930
410980
388060
162840
36020
-90020
-207640
-456320
-408160
-490390
-561750
-620720
-791500
-693720
-702760
-696840
-680970
-815800
-613830
-566710
-512410
-454780
-368880
-359210
-318650
-283200
-258030
-123360
-252950
-277370
-315240
-355460
-284350
-412610
-455370
-515800
-575060
-549560
-654230
-687510
-735520
-793920
-1053110
-859400
-845750
-814260
-776470
-786070
-646980
-539290
-408080
-255280
-133250
67040
231220
408080
583840
591540
872450
986820
1091250
1183060
1405970
1308600
1333320
1336730
1324580
1478270
1229900
1134110
1011150
871490
959340
558720
396750
233970
65240
-8070
-261130
-395000
-509950
-610070
-964890
-767150
-807500
-807260
-771930
-976460
-650430
-565080
-451350
-308480
-365030
500
151370
300990
449680
659660
740400
852970
940830
1005220
1350710
1090780
1109740
1098130
1057750
1162740
908870
823310
723210
601690
586630
322550
185770
66470
-41860
-272970
-241470
-332280
-408400
-461400
-704500
-520500
-532260
-536470
-518710
-584670
-414650
-347950
-276580
-206630
-160130
-60310
3250
53630
83570
233450
93350
77050
42320
-16180
64550
-184170
-280870
-383540
-480420
-415870
-633410
-699670
-759640
-817250
-967910
-932770
-995030
-1063380
-1117300
-1491090
-1171010
-1144490
-1086440
-999580
-872170
-738130
-578500
-405720
-229060
-86070
120840
286860
446770
588430
605960
794200
872370
937880
985420
1307950
1025310
1022140
1008390
977380
1064460
868510
773410
660990
543410
531540
296780
176410
56930
-53160
-225760
-226560
-277000
-309620
-328620
-593570
-316680
-281790
-226240
-151990
-149530
27260
128140
243290
363030
389340
589060
688640
777200
852640
1090250
959310
989010
1000000
993190
1178280
943970
892190
827660
749730
708450
559100
457540
352540
247520
164610
45620
-38830
-114500
-175330
-399380
-252910
-272410
-276450
-264280
-336110
-197250
-148350
-86940
-15320
-4010
132440
206260
273060
332340
385990
419300
437310
436890
419840
587200
342750
285500
212840
116920
129980
-104200
-236270
-374710
-526310
-600010
-852780
-1010950
-1156350
-1268230
-1424080
-1406680
-1433950
-1449690
-1446480
-1649170
-1395860
-1363940
-1325310
-1279720
-1471600
-1104580
-972640
-807810
-616970
-378600
-210410
7760
216400
413510
699420
747390
879620
987470
1060690
1111340
1119570
1099620
1065680
1010160
1237880
848390
755390
653680
550190
552850
321590
200170
66360
-63310
-246420
-297000
-395480
-480420
-547730
-757230
-604670
-594450
-555770
-497140
-685380
-324600
-204120
-62960
93630
229560
426250
597830
769640
933410
1104220
1217730
1322170
1404550
1462590
1654040
1513100
1498630
1460060
1403740
1602360
1244040
1146560
1028610
895090
818200
597500
444680
287590
128160
-53780
-167810
-295900
-397310
-473380
-705150
-569860
-584610
-573710
-538130
-685940
-422730
-350450
-270440
-185050
-177610
6010
94700
176940
254740
370480
377000
413100
429300
426630
649090
360170
300490
221370
121220
190100
-119010
-259870
-409630
-572080
-707820
-906240
-1073270
-1221840
-1339520
-1557650
-1517290
-1566820
-1596430
-1603450
-1811630
-1561980
-1528310
-1479650
-1420820
-1540670
-1234010
-1108740
-965890
-807140
-615070
-468320
-288210
-115270
48240
300760
343970
477380
595090
688120
820630
815260
844380
855640
847540
956990
776090
721250
654920
587960
584580
431310
346000
254660
167020
130770
8210
-67350
-133390
-190410
-342810
-274960
-296500
-309170
-312390
-469470
-280580
-235620
-174300
-100940
-53660
89730
204690
326030
450840
536800
689440
800510
905620
999520
1118090
1154510
1211170
1252990
1280410
1423370
1293450
1279610
1249760
1204880
1244520
1074690
988280
892300
783440
769070
537200
406870
280080
155670
14920
-74790
-178250
-270310
-351850
-511370
-483070
-530570
-567180
-589290
-726030
-588750
-571250
-544360
-504140
-551450
-406730
-352100
-300110
-247900
-159770
-158600
-122170
-96640
-80220
2790
-91010
-113810
-151180
-200120
-129570
-333770
-416250
-502100
-593590
-637080
-784080
-875640
-951120
-1026200
-1160690
-1153300
-1207380
-1250180
-1287120
-1415120
-1319640
-1315790
-1297860
-1264370
-1337950
-1121530
-1029950
-926100
-810190
-686620
-556400
-420880
-290200
-160940
-84200
74620
179930
267770
346610
481920
473660
520950
560250
594560
779350
636640
643570
647770
641340
652860
586590
553070
514920
471840
435690
383950
338590
299460
269970
181060
236270
227580
227730
237840
187600
286770
321480
360650
402020
428520
495680
545560
592860
636600
651210
716010
744760
768050
784600
881050
787280
781450
767950
745960
791130
672490
628810
572710
514260
499400
381020
308440
233330
163280
83380
30580
-23420
-77490
-122070
-255080
-191930
-217510
-241680
-256270
-310400
-258320
-262640
-246920
-228840
-247240
-182460
-159150
-130360
-109680
-37790
-84510
-77270
-79090
-87480
-28670
-105250
-142200
-175960
-213110
-242090
-310170
-367670
-425800
-488040
-510790
-626630
-680380
-753440
-823030
-906290
-946790
-998640
-1047970
-1087390
-1169580
-1141390
-1156570
-1151070
-1131590
-1168420
-1082720
-1027680
-969520
-905170
-915210
-748050
-659550
-569140
-482200
-439910
-283000
-185860
-82250
14930
126870
209970
295730
375710
445410
582590
553910
593520
621520
639620
735690
649570
644400
632470
613110
657870
555390
519910
483880
450300
397690
373070
332090
292350
258190
168160
197830
176690
160810
151010
119210
165680
186290
210690
232930
235090
297870
328190
356040
390430
396630
447000
470350
494910
516850
573510
541350
549580
552820
551880
612870
527890
510530
486350
457420
460880
398110
360790
317560
278790
233090
205250
174080
143410
103990
15620
49700
26400
6670
-6510
-45280
-26850
-32260
-35220
-33270
-43030
-27190
-30650
-32620
-45320
-36030
-62230
-82230
-95200
-109060
-76590
-155470
-178310
-201960
-231200
-243760
-285900
-306210
-343000
-383070
-403970
-411250
-433350
-456210
-470300
-521990
-484020
-498770
-504280
-480940
-524130
-482020
-458730
-450550
-434680
-383810
-398910
-380570
-363050
-339460
-296710
-302000
-287220
-265560
-242440
-253180
-243590
-238460
-237570
-238910
-269640
-259860
-254040
-257240
-265740
-247520
-254710
-251750
-238590
-231040
-213930
-197230
-183070
-160910
-132290
-146880
-68640
-39800
-1770
36730
40810
116390
160260
207630
248480
310030
330930
371450
409440
432200
497300
462280
469700
475060
474470
512140
456690
450490
434230
418550
422290
380020
356520
338140
317170
253950
281240
259720
260750
250540
219920
254510
263690
278330
295030
328570
336100
347260
362640
384990
381650
401760
413690
421660
424420
451480
424930
432520
421980
420360
457320
385320
368950
335980
313280
248800
241230
200370
166710
138870
75240
90710
58270
48190
19020
-68750
4010
-36330
-24640
-43250
-67550
-46830
-61290
-43880
-74880
28750
-65320
-67410
-68980
-95650
-26730
-100370
-115430
-141890
-166550
-176640
-213630
-215850
-255600
-294400
-340730
-336080
-325430
-380940
-373990
-364050
-400280
-409160
-425310
-385710
-403670
-388060
-371030
-363950
-326980
-430840
-319910
-279100
-255990
-245070
-207070
-218810
-205360
-182350
-164290
-120590
-155440
-176010
-163820
-177760
-211920
-204570
-215060
-237320
-259640
-264380
-308550
-323830
-347080
-367490
-320710
-366730
-397010
-399610
-391490
-451430
-377990
-379020
-364650
-335150
-356060
-295760
-247130
-207150
-162920
-100980
-79150
-22810
32420
72070
115360
178000
217460
283700
326310
308160
397130
436040
467610
514600
574410
553080
592760
603390
616400
674360
643250
659650
661160
646110
704320
662620
638710
626550
633150
631310
602210
589580
555900
551370
455560
490290
472980
464960
410600
455390
364290
331220
293840
277050
280520
209920
160650
141840
145420
45510
49050
49900
28960
-36370
-47550
-62050
-80760
-114370
-125430
-199880
-103700
-139310
-147950
-109910
-125220
-136020
-131410
-94400
-101670
-62710
-85210
-50480
-53300
-69930
22160
-28110
-57360
-45420
-52700
-116300
-75560
-90520
-96080
-140550
-145870
-190170
-196730
-235820
-287480
-267160
-329180
-351530
-411370
-434480
-449890
-472720
-513120
-549870
-573640
-611780
-599110
-604990
-645330
-628550
-718490
-617300
-626840
-603450
-580250
-550130
-550650
-520020
-490190
-471440
-390990
-397600
-383700
-352170
-324780
-306990
-262660
-229870
-174630
-147390
-161240
-101620
-73650
-33400
-15100
27450
9090
37940
54320
68270
68350
87350
103340
102830
120490
145720
131750
145140
157490
161020
187910
187530
180910
187440
191530
202970
195770
197610
202420
192420
168930
195860
180610
164480
179090
181970
155340
150940
150570
139730
144410
116910
102620
119920
108160
168620
93310
108160
108830
114520
67730
146340
157240
159820
209020
122150
224440
269180
279800
280920
278160
324170
317040
327950
313970
458270
335660
285740
291380
291300
280580
219950
176220
154030
125520
101310
-4110
-11540
-80490
-168160
-172450
-214300
-294490
-325480
-361470
-454870
-408840
-448810
-457470
-436720
-545990
-463650
-418650
-442220
-425810
-416460
-372300
-338180
-330830
-303610
-200360
-196860
-198920
-136580
-79760
-42680
-28790
3070
24650
56100
10560
50950
71420
68320
36510
32370
35580
21200
9120
-28430
110730
-55030
-64150
-74500
-106080
-126920
-143340
-141280
-166870
-181960
-244270
-220080
-215010
-237600
-251070
-394390
-230260
-228390
-221640
-219320
-183520
-225890
-216170
-205910
-205240
-65830
-194500
-202250
-226010
-216540
-253860
-220360
-221040
-212930
-216670
-267810
-203430
-204540
-167040
-153840
-114740
-171830
-130330
-144830
-120810
-150310
-83620
-54750
-65110
-20440
1870
30890
47920
88410
122570
85960
136230
149120
168900
177230
135480
165990
181540
137980
107900
183800
123110
71710
68800
28070
36180
-5570
-47990
-52440
-78240
-23950
-154550
-164820
-193350
-198700
-249640
-206620
-204860
-243390
-226860
-344380
-182280
-191840
-114780
-68010
-30300
-5950
24590
91110
164630
180340
202860
245480
288200
310800
305750
379110
407850
438440
422120
568630
467570
454170
474330
459490
459840
410090
417420
351800
321210
336350
232740
222920
162200
128140
152560
85990
44430
9240
-4070
-100450
-57810
-82640
-95370
-108300
-273920
-135170
-155440
-160270
-155140
-56570
-165250
-180000
-151210
-161170
-175930
-143250
-125760
-134370
-135440
-86720
-144720
-106750
-111510
-120930
-122780
-106660
-116150
-117600
-105260
-158120
-120060
-106240
-102170
-111170
-166040
-86680
-92890
-81210
-83320
4610
-77710
-117940
-93670
-98070
-97280
-98580
-110470
-116480
-118690
-119180
-154370
-143550
-159500
-180290
-110930
-200400
-224360
-219550
-210600
-225630
-245540
-232400
-269980
-253310
-386880
-263670
-231940
-239350
-246140
-180500
-190870
-201970
-167230
-145450
-101920
-81390
-85780
-63460
-17530
-61820
15790
0
68560
79190
135890
155850
176440
207320
234400
305330
288410
298570
318880
352360
319560
363900
405300
415980
409790
422480
441230
452860
445110
431280
460760
433210
409500
392380
375360
378310
342110
311650
297950
273630
290040
212710
194150
167550
140490
121640
100640
62600
63250
73550
17830
25170
13810
25520
39590
-23270
760
12910
28620
54520
6000
34800
56920
89490
81810
155790
90820
91620
108940
112330
64340
98630
109330
82950
71610
57290
61240
44930
32880
4930
-840
-2750
-26980
-43150
-68170
-39970
-86060
-106250
-150940
-159070
-171140
-183960
-207540
-225230
-234270
-260120
-244470
-270680
0
-285510
-269970
-296600
-303090
-317230
-321990
-325310
-314100
-323990
-326030
-327550
-325940
-321280
-315790
-300350
-298140
-262220
-259180
-240430
-229960
-216210
-230440
-167750
-139270
-131360
-105160
-131730
-52380
-12290
15070
34410
73600
101300
139910
161790
169410
210790
214070
228460
234970
244610
237160
242790
253930
250990
250140
313910
224200
224730
223930
203180
175200
155330
147460
150380
131710
80470
82150
67530
78360
75400
54730
46440
50760
54390
53510
12090
59310
72370
76280
77010
86040
92950
100310
120910
123220
178070
146750
142110
138780
159790
154590
155610
163370
146650
155240
157060
144970
128400
114800
106680
133870
97340
71160
59200
57000
38990
50190
29820
18280
27160
6910
14910
10370
11090
10810
7690
12880
-5290
440
-4170
36720
-680
-15560
-21620
-16300
-6680
-26300
-37030
-49750
-60130
-93480
-85280
-96450
-125080
-141580
-142710
-139700
-150200
-167180
-173840
-188080
-147240
-139230
-143060
-143980
-184740
-115710
-91630
-78390
-71230
-52700
-34110
-5560
15800
18230
60580
51530
63490
76370
69280
82850
68030
82150
83150
72250
87910
54580
58100
43660
32980
25850
13710
1770
-9580
-21850
-40920
-40640
-49690
-54910
-53810
-55150
-73880
-67580
-64480
-57310
-77520
-63830
-67900
-56500
-45360
-33780
-43330
-44390
-25970
-13330
-10060
-700
16230
23110
30740
10680
42030
51820
54970
51630
42340
68580
73240
73520
75450
88340
66210
60140
51250
42810
57340
21420
9300
-3840
-9260
25910
-17870
-31170
-36180
-40580
-95330
-52350
-60480
-52860
-36060
-62270
-32240
-37580
-16290
720
37110
26080
32700
41560
57010
83380
88680
106740
113930
113170
133660
122910
129490
131880
126060
108530
123220
119930
107570
92920
77300
68290
60020
37810
25290
47530
1370
-6090
-13630
-18080
-4650
-20350
-28550
-33020
-23060
-56650
-6590
840
11760
32040
-10240
50980
60290
68010
78590
108450
96010
96270
97190
95750
151750
110930
108710
98990
86500
94120
62930
60190
55120
36450
13150
2810
-11170
-20310
-32100
-65330
-44280
-50900
-54270
-58620
-85930
-47710
-38430
-29670
-24430
-18990
-15830
-2870
11620
16710
37550
26120
35100
39600
38540
47920
25270
24620
16320
2540
-5440
-29470
-38200
-44140
-55650
-67820
-101340
-123550
-141360
-155790
-186010
-194910
-214480
-231070
-236590
-240430
-253520
-265650
-268350
-260720
-265950
-240040
-237290
-224930
-209740
-223580
-176110
-170300
-159440
-144370
-152330
-107650
-87620
-80150
-70090
-24720
-54650
-49040
-50750
-62540
-32470
-69660
-68040
-73510
-88320
-79020
-110040
-113720
-124670
-131490
-177900
-149810
-145450
-142760
-133470
-152050
-112930
-101360
-83910
-67330
-55520
-13560
14430
44400
79750
90440
145600
178920
214630
255700
301850
317670
353320
384050
413020
464450
460290
480320
489350
490040
501050
500670
508440
512710
507980
517510
490710
481710
475010
462750
445930
419950
396440
371180
344540
353860
301440
271170
241840
208200
185880
165480
141310
117470
103660
50700
68140
47450
26960
10690
-1670
-20480
-33120
-48060
-65790
-83320
-86890
-97570
-106130
-117640
-121430
-153160
-165160
-176820
-186420
-197080
-219830
-239220
-260040
-289870
-315710
-336590
-366380
-390760
-417240
-434750
-466660
-492520
-514620
-527560
-544440
-560590
-577080
-595150
-609800
-616790
-619410
-627230
-627430
-628740
-641530
-617030
-605170
-584570
-560040
-575440
-520810
-495160
-466920
-435710
-425440
-381070
-352470
-324700
-297040
-250720
-231920
-199370
-165400
-127270
-76140
-53570
-18040
18960
61090
81150
138640
172730
208120
243470
268000
314090
352400
387710
419220
454870
485950
521580
553000
578210
623220
621710
636460
651860
661490
701100
666210
667670
661020
649640
659360
616890
602590
583890
561960
548330
512170
486380
465960
447270
412790
409720
392520
376770
362300
319090
338080
332170
323790
312220
294740
305800
301520
300120
299870
308230
295810
290900
283600
280210
275330
260260
246240
224790
201200
207220
149250
112140
79990
43480
28940
-34190
-80860
-125450
-166440
-211850
-257890
-304970
-352390
-399220
-456630
-485220
-526870
-567110
-607940
-650650
-670020
-694560
-716500
-734950
-761750
-754560
-753070
-755380
-756610
-783680
-740950
-724220
-710600
-697830
-711610
-661280
-636950
-609380
-579540
-545350
-515540
-480150
-440090
-399810
-348050
-317810
-276800
-236770
-196180
-165530
-114460
-75650
-35130
11110
40030
88270
122980
162060
201710
245130
274260
302890
329750
353660
399940
397700
414700
429920
438310
473400
447600
446410
447130
443050
457790
427500
418580
411390
403270
391990
387290
381140
376330
371800
346270
361480
361170
366440
373250
359970
389440
403960
419780
440950
452510
486540
511510
533530
554800
558390
595240
610560
620650
630790
650230
642490
644860
641230
634930
673950
613230
598530
573920
545970
546810
483020
443480
398930
355770
307400
259760
211620
159880
111120
59710
13570
-31430
-74360
-119400
-168390
-198090
-234620
-271750
-308100
-358310
-377810
-408310
-437990
-468330
-509450
-522930
-541940
-560650
-582230
-588110
-613750
-623950
-631450
-639740
-664960
-659220
-665670
-670220
-670840
-688190
-668160
-661970
-644260
-620540
-595800
-563270
-531150
-492490
-450600
-443940
-364670
-324290
-279630
-234400
-224680
-148770
-108900
-66030
-23020
47380
53690
87550
120060
148410
217170
190980
206200
213540
214230
244380
213090
208540
200260
189190
178730
171000
162210
150040
141010
117260
130590
123970
119220
119060
109760
138430
149160
161110
177610
181020
222760
247940
272780
303710
325330
366420
399510
432140
467790
508430
529000
554830
583380
607350
635190
641290
652540
656450
659610
681930
645380
634080
617480
595120
605730
544980
513080
479130
438770
425690
357060
314290
270980
226330
171160
137980
97420
54840
12540
-47800
-66980
-101340
-131850
-166380
-215070
-228090
-253300
-276580
-299850
-325410
-347750
-370020
-391180
-410650
-427200
-450900
-470700
-489050
-505650
-518050
-526790
-539090
-552350
-567000
-600520
-597440
-609120
-623420
-635640
-661670
-644250
-638590
-626830
-609140
-570510
-559890
-528430
-490610
-451640
-453960
-368110
-324450
-276750
-229960
-229510
-146020
-100100
-50970
-3090
62530
84010
121950
160960
196310
267600
248950
263530
272180
275220
323390
266970
259930
248440
236370
239060
202980
186560
168560
151900
115140
125110
113770
105150
102540
72610
113820
121930
133650
149450
133870
196820
221860
251250
281750
303050
343420
372540
400000
425570
475160
475240
494480
510250
520770
561010
525550
520600
509190
491170
505310
443310
416790
385730
351690
335090
271850
230780
187030
144890
98740
61270
23090
-13820
-46780
-97600
-107170
-129850
-153210
-175190
-225500
-204710
-219830
-234790
-245980
-270490
-259980
-271600
-282810
-291580
-290770
-313580
-331950
-351910
-369940
-351130
-393250
-405500
-415990
-427890
-423910
-464760
-489090
-511810
-533140
-589740
-584450
-603210
-610400
-609800
-607750
-592080
-568450
-538730
-504520
-503090
-421570
-366530
-307150
-250770
-293600
-148640
-95850
-44110
7560
84410
116370
165370
210240
252590
354830
342030
378640
401590
414640
464870
419350
411880
399630
381250
398760
329930
296900
265250
236830
220250
180780
151230
124980
102680
57710
67950
59040
55400
55940
-470
59160
69400
85930
106070
0
151840
173990
197600
224490
266710
280910
307960
329210
345640
370780
368690
374660
373470
364600
390510
333450
312350
286480
257450
263780
194860
153520
109430
66980
38470
-20480
-65790
-108830
-151720
-210610
-234220
-272200
-304810
-335950
-388570
-384960
-404340
-420850
-435310
-471210
-455970
-464090
-470130
-480010
-507300
-506650
-520820
-538970
-565720
-562820
-613310
-622240
-626750
-630110
-594020
-643690
-652980
-665160
-678200
-718990
-712810
-736700
-754710
-761590
-808520
-740450
-716730
-686300
-642730
-600790
-542180
-484530
-419210
-344110
-358920
-197830
-131130
-67630
800
88330
151870
222510
281270
336260
428920
441720
496330
537990
567200
614970
590010
587060
577280
558750
649810
505380
470070
429310
384730
347700
312580
279720
247820
213690
147250
152750
133550
125810
123450
51200
125930
133730
152230
179240
160620
248240
288100
326760
363870
421340
435270
478640
523880
560730
584650
600060
607710
608400
600140
673310
556150
521720
478410
430920
427650
333390
279320
220400
155810
94320
14640
-55930
-119970
-179450
-243490
-292710
-352810
-413670
-462800
-557340
-530830
-559270
-585440
-607970
-658260
-636810
-643480
-644670
-644490
-665700
-661510
-674790
-691240
-708450
-698770
-746010
-758300
-765120
-766990
-704090
-764070
-766110
-767860
-776060
-833800
-811920
-828480
-840440
-843080
-898830
-810470
-776040
-734450
-685950
-615680
-559370
-487850
-408520
-322990
-349120
-143630
-60820
16550
93120
189390
252610
329950
397600
461380
576560
582400
635170
679520
713290
790520
731520
718390
701740
681060
775300
622770
583680
540400
496450
444290
431490
409230
385860
358260
265270
309490
302030
306800
320590
250190
361920
387280
418090
456310
483110
556150
607440
649950
684590
741460
758470
798550
833310
856230
891790
852510
834520
813160
787340
869620
701030
638070
565380
488680
463380
335430
259370
177290
88190
-31630
-96640
-180990
-252990
-317800
-418120
-443160
-499910
-545920
-581000
-664650
-623830
-640060
-659120
-678520
-740200
-696840
-696990
-696460
-700560
-716890
-730120
-751630
-767600
-776720
-700770
-781090
-778660
-779760
-784040
-754400
-807440
-824600
-846470
-871150
-990240
-908560
-911740
-893760
-857220
-803640
-763530
-711660
-653150
-585950
-584590
-416030
-315890
-213290
-114490
-125060
68080
152520
236070
316160
470530
450960
506140
556650
606430
736740
687690
705660
701720
678640
