0
0
0
0
0
0
0
0
0
0
0
0
0
0
0
0
0
0
0
0
0
0
0
0
0
0
0
0
0
0
0
0
0
0
0
0
0
0
0
0
0
0
0
0
0
0
0
0
165690500
138315220
131223755
128119360
111592140
121278600
89883320
76983955
72065460
48106740
50692300
21841720
7839255
3267860
-20422460
-23860500
-43206480
-53980245
-54272840
-72804960
-85183900
-88489880
-94767445
-91546740
-103781460
-127218600
-111581780
-113750945
-111368640
-117029760
-148302500
-121524480
-123636545
-124444840
-129230260
-163205300
-134268280
-135960545
-133959140
-136973660
-174548700
-138657180
-139198645
-144150540
-141885360
-171271100
-138034780
-135442145
-140049640
-127530760
-139534500
-113017680
-104360545
-102516540
-83204160
-84267000
-60447180
-47011045
-39783540
-13429560
-7098900
16075420
30886455
34372060
58286640
70796500
79266220
88764555
92065360
105190840
118241400
113512720
115936855
116713860
114845640
121720900
106528620
99408655
92987760
81257740
90728600
66876020
58480055
51398160
39379840
53056500
26926720
20856055
14993860
10813840
33569600
11233620
13793155
17880260
27068740
53932800
42228320
51577055
56509960
73783340
103976800
94919120
106800555
114513260
132393440
160441500
148878720
155844855
159318860
164273440
185177000
163411520
160592955
160396660
150030940
162550600
133183520
121678255
115561660
90807740
94584200
60470520
43372755
36551160
7851940
6268900
-21434680
-36132445
-39590040
-65239160
-75548600
-88670580
-98968345
-97470440
-114467060
-134122600
-125467280
-128274545
-123995640
-130620360
-161179800
-134219380
-135170745
-134120740
-136216260
-170332400
-137704480
-138159645
-134885340
-136047360
-174268000
-135419680
-135086545
-138720540
-137706360
-172599300
-136166880
-134856345
-140748240
-131015060
-149392800
-120012980
-114233245
-115061340
-99700460
-103757300
-80916780
-70171545
-65249640
-41203860
-33687600
-10841080
6271055
10548560
37122640
49405300
61248920
73075655
78373060
97213940
112558600
112819820
118721255
123370960
126014840
133162900
122216620
117011855
110251260
99669040
107754800
84988520
76728455
69296660
54475040
62910500
35652420
25267255
17309060
6124540
23761700
-1369180
-3328545
-1386540
1426140
24235000
10659220
17531055
20333860
34865240
62425200
54986820
67857655
77186960
97895040
123542400
118721220
128549355
133818360
144347240
164296400
150696320
152122855
154465460
151056740
162914800
140782020
132261155
125987660
105228840
109257800
77490420
61535455
55023060
27396240
25557500
-2924380
-18845945
-24266240
-52192460
-61984100
-79469580
-92097545
-91486440
-110946360
-129253000
-125709580
-131267745
-126808440
-138525460
-170456600
-145689280
-147616445
-145089640
-148965360
-187642400
-151097580
-151992845
-152401440
-155851860
-197800400
-159398980
-160712645
-160102840
-161531660
-204339900
-161733480
-161860445
-167040840
-162645260
-194298600
-155749180
-151495345
-155869540
-140158360
-152088900
-121417980
-110517245
-109107340
-85139760
-82649400
-56505280
-39491845
-30240640
461240
9000300
32927820
48625355
53218960
78667940
93671400
101945620
112326655
116273760
128788140
141896700
134606720
134939655
132081860
126585940
135323600
113936520
105322055
99989160
84822340
92941300
65727020
54123655
45019660
29052840
43310800
14315320
7894555
3345460
-520560
22373100
1086220
4581755
7256360
16983540
44012100
32753320
43166455
51781460
71366040
99429500
95003420
107494355
115369060
131935240
155205800
146060620
151649355
154796760
158028540
174398200
155080020
150993155
148912160
133633340
138728100
109952420
95108955
88156560
59926440
57544600
27122520
9002355
1993160
-28988860
-37710400
-60201080
-75558245
-80025440
-103144460
-115795000
-121463080
-128043145
-125693940
-136015260
-156615900
-141323580
-141731945
-135721940
-136594560
-165270000
-132334080
-128928445
-123859440
-120416060
-155484000
-116443680
-114898445
-116074040
-116127860
-152928000
-118173780
-119211045
-119100640
-122532660
-162225900
-127944780
-131868945
-137657640
-140947860
-172686600
-142584980
-142984145
-148147840
-141509060
-158101800
-132105380
-125874045
-127351240
-110468660
-112748700
-88538680
-74513445
-66642540
-38158060
-31445700
-5233280
11728255
16307860
46203740
62952600
76577120
91742755
96884760
120145740
140569200
138563520
146001455
147003160
153547540
171201600
152951620
150097755
147873260
140591440
156557100
127530420
117933155
110160560
93486340
110546100
74005320
63933555
58116460
44030740
63105700
31407820
26406855
25289460
19706040
39364100
18426320
19650355
23020960
29031040
51123200
40538120
47802655
52451760
64257340
85697700
77774420
85415055
90267060
100305040
118007800
108102220
110996655
113834860
113471440
123892100
108327420
103408355
101478060
89481540
93869400
72831120
62484655
56881760
36671240
35416300
12997920
489955
-3936440
-24912760
-31071900
-45520080
-55429945
-57168940
-72427860
-82632500
-84284880
-88794645
-87885740
-93937960
-107198000
-95920980
-95173545
-91580340
-90956460
-109304900
-87987180
-85443745
-81385540
-78873160
-102708000
-76577180
-75867845
-74389540
-75911860
-104291000
-79392580
-82121045
-83231440
-89504360
-120990200
-97017980
-101499545
-106190340
-113297260
-143013300
-120960380
-124718545
-129606740
-131168560
-152081300
-130211880
-128659245
-129337240
-121336860
-132850200
-108311080
-99958145
-97621440
-77588760
-77643200
-52020180
-37426445
-33535540
-6401760
3730800
22266620
37230855
42499260
67975140
84791600
92378220
103712055
107590860
123210140
141040200
134174420
137379955
135955060
138483640
157470000
135487220
131924155
128324360
118908040
135333900
104238020
95371455
90842660
75923940
90874400
59950720
51661655
48332360
35943440
50386400
25167820
20562455
19057960
14540740
30722300
14094420
15680655
18502560
22279940
37569700
29358820
34206755
37906960
46553140
61870100
57532020
63555255
66417160
74706040
89129500
81388720
83988955
84493360
86976740
100745100
86822020
85825055
85750160
81014440
90686200
72913420
67643355
64770560
54723340
62035900
42878120
36447255
34208260
22690340
26636700
10112720
3728355
2531860
-8129760
-8019900
-17697880
-21826345
-20212740
-28064460
-34531000
-34898580
-38041845
-36905940
-43309560
-55660100
-48363380
-50458045
-49351740
-54660160
-72966100
-60797180
-64281445
-65413040
-72204760
-93636000
-79431980
-83008845
-82833340
-88858460
-113200200
-94195780
-97054145
-100427640
-102923060
-123600200
-103276080
-102550945
-104561940
-98951060
-111502200
-91276480
-86481945
-86350340
-73904860
-76969800
-57431180
-47517945
-43571540
-23538160
-18612500
-804480
11018155
12954160
34061540
47607200
54961020
65585855
69901160
86212140
102252000
99434820
104623155
106101960
110694240
124652300
111272820
109932855
108898460
103278640
113641800
92966820
85831955
80807460
66605040
74432900
49546520
40348455
36613660
22127440
28558800
8081620
1334455
-1716240
-10896660
-3861200
-16886280
-18230045
-17331140
-16165260
-7138900
-10961380
-6874845
-4071740
4458440
15215700
16270620
23465455
27740760
40264740
52076200
53631020
60228555
62067660
71575240
84279100
79113120
82012755
82556760
85859540
98654400
86091420
84789755
83033560
78844040
90333900
71963520
67624955
65095660
57452940
68212300
48365620
43107855
40829260
31836740
41090400
22953420
18757755
19502060
12030740
16741700
5717120
2982955
4672260
-2264560
-4760300
-8649380
-11421145
-9479240
-16456860
-26405600
-23468580
-27222445
-27540440
-37068660
-53985900
-48164980
-54153045
-55520340
-66393260
-87833800
-77620980
-83149845
-85106840
-94583360
-118835600
-103575380
-107661745
-111024740
-113198860
-131542900
-112072780
-110442445
-111788140
-104680460
-115022600
-94639480
-88281945
-86108340
-70441260
-72146200
-50527980
-38821945
-33103340
-13623160
-12766600
6228820
15942855
19350460
35201640
39396600
49617920
55825455
58396560
63963140
64523600
64056120
61951255
59506260
53043340
51082000
42379620
35540855
31992260
18103940
12343400
847520
-9143645
-15336340
-29432860
-32501600
-41788580
-47008045
-49480940
-55246060
-55923600
-57649680
-57233645
-56972040
-51645160
-46811500
-40792380
-33206645
-28205740
-13478860
-5709100
4673620
14754455
19103760
36272840
47038800
54334420
63539155
66602060
80182840
92421200
90876620
94860155
93751760
98970040
114162300
100398920
99528855
96937060
94701340
111852000
89308720
85558555
82607860
76423840
94362200
68905020
64915155
63650160
57657640
74872600
51884420
49087355
50477560
45129740
57800600
40619020
38384755
41118660
34553540
38505800
27970020
24481955
26776160
15872140
7660100
3533920
-3366045
-3932440
-19564460
-38156700
-37354180
-47631845
-51321040
-70826960
-95944500
-91303580
-101967945
-105296440
-122562460
-151346600
-137546380
-143752845
-147077740
-155330260
-183230200
-159586480
-159628645
-160249840
-154627260
-174758400
-144378280
-137605645
-134651140
-119513360
-132355000
-99679780
-87592545
-81192140
-59688560
-68917600
-36391580
-24154845
-21611440
-2920760
-8596800
12533020
19304155
21988160
31511140
26536000
35667920
35335255
33896060
30121040
22929000
21989920
16432055
12336560
2487540
-5319100
-10199480
-17425745
-23923340
-34346360
-38987900
-44870780
-49457245
-51118140
-54225860
-54317200
-53608580
-52021045
-51257940
-44135660
-38256800
-31613880
-23381345
-20082740
-3161060
8713000
16952120
28216855
32986760
51978940
67272600
71215820
80583755
84145960
98293840
115372000
110231420
114798655
114665060
119800640
137767100
120481920
118977455
115928060
111796040
130383300
104008220
98872655
96015360
86627340
104207800
75513920
69213155
66154060
56201740
73221800
46820720
42693455
43793860
36151440
47868400
29351820
26367155
29009460
22132040
26070100
16289620
13393655
16542760
7074340
-716600
-3566080
-9505245
-8744440
-23776460
-44174000
-40402380
-49594045
-51565740
-71433260
-102790100
-93808280
-106294045
-111242140
-132035060
-167383800
-151817480
-161300845
-164583840
-179113660
-216661100
-190288980
-194236745
-196930840
-197370260
-227939000
-191307680
-185919345
-185260040
-170408060
-190236300
-150351480
-138096145
-133451840
-107448460
-115953300
-76497680
-59257745
-52348040
-23716460
-26952100
4549620
18243355
21969260
44177140
46821000
62860620
70405255
71214760
79048340
81363100
79877420
77969855
75118560
69215640
70392000
57898620
50486555
45302260
31456440
31370500
14546820
5415655
-203540
-11750760
-7637800
-21494580
-25369345
-28572440
-30386760
-20145000
-27834280
-24195545
-22142140
-10862160
6039200
5943320
16514955
21680460
42018840
64273900
65369620
77937255
83606260
104311940
129613400
124114420
133394755
137223560
149122840
173009300
156796520
158790055
158205660
156737040
176919400
148981720
142640455
138716360
124967740
141312600
106235120
94954755
90306260
69870240
81232800
47869820
36534155
33074960
14596740
21569700
-2328180
-10131245
-10939040
-23610560
-21703700
-33489780
-37098345
-33233640
-40628660
-47850700
-45321780
-46874545
-42495640
-48867160
-67711600
-54437380
-57385245
-55829240
-64619960
-93001800
-75189980
-81741645
-84061340
-98246860
-133442900
-114154480
-122541945
-125849840
-140421360
-179230800
-154686280
-161617745
-167190640
-174801760
-208087700
-179015380
-179670645
-182353240
-175903760
-196908900
-164153580
-156019545
-154430440
-134147360
-142211300
-107376780
-90920045
-83804640
-52630260
-51550000
-18331280
-271045
5110860
36101840
46112600
65860720
79911855
84529360
105482240
118887500
120978320
126348655
125517460
130241140
143723300
128187620
124870855
120778260
112548640
125108400
98507120
89349755
83010760
68376840
82409100
52077520
43425855
38797160
27955940
45305600
19912920
17353055
16516560
16032140
36664400
20286120
24650855
27660260
38286240
62628200
53455620
62554455
68320760
83951740
109449800
101218320
109914555
113950460
126737740
152173000
137946820
142622755
144051460
147448340
169311100
145909820
143154655
141293460
133275340
151282000
120521420
112046655
108372060
91509440
104402000
71705620
60776555
57213260
37804440
44934500
18161220
8573355
6988860
-9915260
-10015200
-25159080
-31905345
-30460440
-42336060
-50313700
-51931680
-56114945
-54309540
-62644660
-78137500
-68995280
-71308345
-69127140
-75720860
-99699600
-82330880
-85697045
-86012740
-93280560
-122278600
-101070880
-105173245
-106360740
-113502560
-144775900
-120937980
-124929645
-127771340
-132759360
-161981800
-136316580
-137347345
-138700440
-137619860
-162799800
-133985880
-131000645
-130933740
-122392460
-141030100
-110656180
-103581645
-101655540
-86295060
-96819300
-68007780
-58022145
-55627140
-36955760
-39708600
-17166480
-6844645
-5009840
13069340
17415200
30191420
38452055
39706560
53353840
63049200
64428920
68735055
68244060
75631440
90150500
80636720
82261955
80947360
83348840
100586700
83415020
82835055
80777660
80173940
99852800
78642220
77820855
77357860
76752640
97606500
76297420
75979255
75428560
75987940
98651500
77477720
78768955
79732360
82286740
105404400
85470220
87373655
88264860
90978340
113664000
93619820
94764755
96135460
97552440
118941700
97963220
97502555
97843860
95470240
114103200
91475320
89023555
88880460
82591840
96619400
74636920
70049455
69293060
59333740
67647300
48037620
41669155
40356260
28677240
32250900
16751620
10729755
9587260
-1809260
-3439500
-12849080
-17929145
-18380940
-27508860
-33555600
-35294780
-38745645
-38342640
-44088760
-53433200
-48239480
-50031045
-50021340
-52538360
-63134900
-53980380
-54051945
-53051240
-53741060
-66366000
-53929480
-53611645
-52494840
-52616960
-67122700
-52489080
-52672845
-52697440
-53177560
-68219700
-54057280
-54764445
-55187640
-56697660
-72268000
-58792680
-59905645
-60377040
-62608460
-79010400
-64600180
-65768145
-66166040
-67501960
-83803400
-68444380
-69038745
-69932240
-69665960
-83835800
-68372880
-67139145
-67136240
-63861460
-75456500
-59306180
-56386545
-56643040
-50205560
-57322000
-42472280
-38109845
-37241140
-27859160
-29628000
-17615380
-12256945
-11578240
-1089460
2687800
9927420
15636855
16775060
26986940
34972500
36586920
41149155
41865060
49337540
60125200
55604920
58383455
58889060
62880140
74847800
65253620
65842355
64874260
65429040
78673800
64625420
63795455
62545060
60992440
75034300
58609320
57106055
56156460
54164340
68760400
52552320
51702355
51489960
50766840
65647100
50689920
50753955
51092060
51865140
67263600
53476920
54499055
55424560
56819440
71541800
58440020
59333055
60364660
60807940
73805000
60867920
60883555
61432060
59928540
70616000
57257620
55648855
54874760
50741740
59484300
45509420
42469955
41901060
35896540
41790900
29096720
25382655
24640360
17565340
20153900
10213820
6590455
6625460
3740
-1148200
-6651180
-9623945
-9888040
-15799160
-20385900
-21365880
-23937445
-23554240
-28430860
-36615900
-33161880
-35621645
-35322740
-40023960
-51552800
-44734680
-46900545
-46640540
-50824460
-65194100
-54759480
-56602945
-57465840
-60908160
-76510500
-64146680
-65889745
-66461040
-68863160
-84699500
-70680280
-71547845
-71098140
-72090760
-88476300
-72287580
-72007045
-72206440
-71163060
-86470900
-69139680
-67836145
-67430540
-65041660
-79701000
-62546580
-61158145
-60314940
-57715160
-71784200
-54861180
-53458645
-52959040
-50428860
-63677400
-48079980
-46921945
-47911340
-45402260
-56080400
-42980180
-41700245
-42277040
-39452260
-47702000
-36570580
-35328745
-35617940
-31381860
-35651900
-26403980
-23474145
-23927340
-17184660
-16167400
-9457880
-5158845
-5163240
4285640
11392300
14805320
20274955
21362460
32369340
44927200
43629620
49548655
50825260
61816340
79398700
72537820
78022555
78766460
87369040
108159100
94892420
97791355
98475560
102823440
124434700
105407820
105863355
106151960
105111440
124795400
101478220
98907155
97966860
91878840
108902700
84512220
79951555
79003360
69374640
81283700
58550520
52687555
51321160
40473640
47992100
29465220
24256255
23620860
13478840
16153500
3918920
-742645
-937940
-9151660
-10694400
-16017880
-19052045
-18285240
-23839060
-29719300
-28712780
-30747745
-30578640
-34250060
-42501100
-36993280
-38213845
-37843640
-40012960
-50059700
-41446780
-42252745
-42465640
-43724760
-54424800
-44909580
-44923545
-45130440
-45351260
-55622300
-45113080
-45065345
-44598940
-44631260
-55348800
-44480280
-44167045
-43653640
-43195860
-54068400
-42692080
-42252845
-42315440
-42561760
-54252500
-42827780
-43549545
-43376640
-44349560
-57178300
-45491480
-46540745
-46859840
-49033160
-63362000
-51530380
-53362345
-54075240
-55943660
-69556800
-57146580
-58023445
-59176940
-59721560
-71742000
-59293680
-58781645
-58939040
-56277160
-65489800
-53080580
-49995945
-49548440
-43598760
-48846400
-36043680
-32238245
-30929040
-22249860
-23226200
-12855580
-6966245
-6561440
2997040
6016200
12653920
17481155
18112060
26590340
32443500
33753420
36699955
37246560
42626240
50749800
46788820
47347155
47357460
49019640
58223500
49308320
49249455
48110460
47261840
56910900
45543920
44091655
43349560
41280940
50855600
37937720
36681155
36701360
34225940
43472900
32062320
31318955
31546960
29675040
37731400
28694520
28754855
28526160
27871140
35183400
27437520
27681255
27757660
27634740
34652800
27438220
27484455
27608860
27491340
34452600
28023120
27855755
28184260
28230940
34781200
28065220
27947755
27465860
28026440
35794100
28468020
28681455
28447160
29049640
37227200
29740920
29521055
30429060
30945140
38616400
31277820
31770355
32029960
32025040
39017700
31514820
31691055
31302960
30339740
36544100
29292820
28295355
28658960
26024140
29509600
22646820
20764155
20907960
17134640
18463700
12315220
10538455
9286360
5237440
5656400
1187720
-1004645
-1503640
-5158660
-6103000
-8493780
-10358845
-10109640
-12265660
-14084800
-14136380
-14451445
-14364740
-14996160
-17356400
-15634980
-15213345
-14541340
-14130260
-16915900
-12858980
-12349545
-12063340
-11537660
-15058800
-10975780
-10760045
-10656140
-10043460
-13723400
-10492280
-10531245
-10634640
-10955060
-14595000
-11557980
-12208645
-12568340
-13279460
-16581300
-13084480
-14125945
-14606340
-15161660
-18498800
-15881480
-16418445
-16185840
-16629160
-20263600
-17154380
-17206045
-16883740
-17430960
-21486600
-16608980
-16644545
-16756840
-17006660
-21414500
-17099180
-16725045
-16970540
-16703460
-20655200
-16922980
-16019345
-16199340
-15313060
-18014900
-14002780
-13304145
-13559640
-11058560
-11112500
-7744180
-5963845
-5894040
-1679960
745000
2454720
4787355
5114860
10959840
17160300
17584420
20845555
21141560
27687640
37095100
34571620
38057555
38457260
44803740
56829000
50508820
53426455
54118460
58677240
72232700
62379720
63882155
64034860
66381740
81052900
68239720
68546155
68042360
67903740
82090000
66257220
65303755
65281360
63039440
75882700
59386220
57256655
57090860
53302940
64873000
49208720
47003355
46014360
41808440
52009900
38059520
35858455
35894660
31918440
39242900
27473620
25780755
26401760
22426040
27004400
18724520
16763755
16968660
12891040
15042700
9882820
8179355
7792460
3720640
2729200
-610980
-2434345
-2306340
-6357660
-10081800
-11339580
-13176445
-13425940
-17704660
-22983300
-21404180
-23700545
-24113040
-27950460
-34875200
-31050780
-32814045
-32638140
-35795260
-45124500
-39124980
-40525945
-40366340
-42984960
-53903200
-44820280
-46159245
-45847640
-48047860
-60807000
-49760680
-51160845
-51438540
-52764860
-65858400
-54280380
-54130345
-54389240
-54387360
-67387200
-54772980
-54237045
-54932840
-52997860
-63193100
-49801980
-48727745
-49046340
-44635960
-51042300
-39286280
-36050645
-35774640
-28724660
-31024600
-20795980
-16484345
-15984840
-7346960
-4787700
2916020
6898455
7937160
17025840
23824100
26303920
31141455
31937060
40040340
49754000
46509120
50614155
50730260
56612940
69371700
61864720
62997655
62943860
65887940
80562600
67630320
68431755
67983960
68707240
83907300
67688320
67551355
66937960
65526240
80543600
63889020
62024555
62271660
59422440
72945300
56604220
54955055
54653360
50896340
62145300
46811120
45027755
45218760
40780240
48754100
36059520
33311355
33885660
28163740
32227400
22295220
19765155
19347360
13222740
13999500
7179020
4154855
3169660
-3156160
-5454600
-9577980
-12694345
-12251340
-18158060
-24063300
-23621380
-26262845
-27087740
-32088660
-39381400
-35505180
-37573745
-37923540
-40788960
-49389900
-42662380
-43507645
-42961240
-44431760
-54616900
-45500080
-45584745
-45262940
-45282260
-54963900
-43465780
-43199645
-42899640
-42159960
-52128300
-41582080
-40219545
-39848440
-38326960
-47943600
-37116580
-35714945
-35842940
-34646260
-43288600
-33345280
-32554945
-33272640
-31348960
-37476300
-28583480
-27331045
-27103840
-24531560
-29836800
-22744280
-21160545
-21130640
-17278460
-18863600
-12666980
-10727845
-11138840
-6811660
-5210200
-1524180
1141955
1879460
7273040
10463200
12479120
15185255
15548760
20147540
25234700
24238620
26091455
26471260
30035440
37276000
33563220
34513755
34148860
35877440
43600800
36239320
36983155
37744960
38160640
45001200
36719020
35838555
35485660
33616440
40580300
31680820
30508555
30223460
27441040
32601800
24131220
22317255
21838360
17957840
20208500
12673520
10947455
11599660
6776040
5210000
1280820
-2065745
-2765040
-8734760
-12908400
-13906880
-17444745
-17371740
-23193760
-31677800
-30010480
-33280545
-33960340
-39464860
-50053400
-44747780
-47279345
-47806140
-52040460
-63617900
-54439380
-56382545
-56676240
-58522860
-69929400
-58638780
-57802945
-57836140
-56460560
-66699000
-54259580
-51467045
-51566940
-47159360
-54414900
-41159380
-38415345
-36697240
-30741560
-36139300
-24653480
-21307445
-19986340
-13437560
-16571800
-7646980
-4378345
-4984840
264040
-726000
4635220
5275455
5863360
9146840
9183300
11159620
11132855
10223760
10828940
12100800
10623920
10289655
9481560
9133740
11000600
8274120
7936355
7246260
6450240
8889700
5895320
5311955
5804460
5686740
8720200
6485820
6986055
6991460
7434240
10814900
9252820
9836755
10425960
11621440
14881100
12858020
14004055
14086160
15159640
18958300
16356820
16933055
17084460
17447640
20887700
17405220
17678855
17763360
17236040
19748800
15400420
14931855
15010560
13444840
14740100
10420820
8967155
9174460
6268540
5717500
2825520
286355
312160
-3894260
-7331400
-8686180
-10910245
-11269540
-16369260
-22971600
-21822280
-25090645
-25558640
-31150260
-40358500
-36429580
-38854145
-39438940
-44611860
-56379800
-48918080
-51306145
-51806440
-55458660
-68183300
-58101280
-58653045
-59047640
-60083560
-72475000
-60331580
-59871645
-59893440
-57968860
-68620900
-54750680
-52843645
-51805540
-47267360
-55603900
-41440180
-38595045
-38447040
-31892060
-36163000
-24942880
-20269945
-20185740
-12571860
-13530300
-5412080
-1952845
-1031440
5992940
8041100
13056220
15543855
16568360
21836440
26308300
26187920
28462555
27503060
31166740
38696900
33954620
35936655
35216260
36943340
44927500
37573120
37302055
37867260
38168840
46346500
38207920
37346155
37324060
36603540
45165900
35574020
35421555
34151660
33962240
43842100
34061920
34320055
33709060
33884840
43374000
33961220
33706855
35699860
36394540
44876700
36249620
36419055
36666260
36795840
46179300
37378620
38024355
38187760
37530940
45310600
36477520
35989055
35667660
32779940
37867200
29479120
27665755
28280260
22791140
23316600
16766620
12516055
11793760
3900140
1252900
-3758680
-7797245
-8750540
-17531060
-24902500
-26759980
-30874145
-31785340
-39894560
-51075900
-47831280
-51830845
-51846640
-57845160
-71234800
-63269480
-65481645
-65237340
-68060660
-82173900
-69845580
-69572145
-69919940
-69313260
-82918100
-67285880
-65879645
-65208740
-61755060
-74433300
-57731280
-55654045
-54943140
-50168260
-60320600
-44163880
-41647445
-41184740
-35874860
-43408500
-29744380
-27055245
-27647740
-22170660
-25970900
-16710880
-13637545
-13893240
-8467260
-8611500
-2847180
-460045
-183040
4822440
7877100
10600420
12740355
13072560
17997740
23660300
22384520
25216655
25332160
29834340
37412700
33383020
35057355
35578660
38678340
47296900
41149820
41822955
42113460
43454440
52432300
43952420
44133355
43338060
43408540
53175000
42603920
42742055
41776060
41190340
51236000
40267520
39251155
39510160
38498640
48123000
37306420
36688055
36933060
36162040
45861500
35799320
35571355
35368460
34758340
43605500
34056620
33920155
35062260
34040940
40038200
31798820
30390455
30981960
28164740
32243200
24655920
23040855
22587060
17963140
19406800
13333720
10563455
9497360
3435740
1105000
-3212980
-6641245
-6901340
-13196860
-18984500
-20291980
-23884745
-24365840
-30116660
-37255400
-34977980
-37371945
-37990340
-41456160
-49376600
-43398180
-43996345
-44076540
-44538660
-52998700
-44715380
-44010445
-43228240
-41275960
-48621700
-38488680
-36506145
-35084040
-32256760
-39306300
-28631480
-26487745
-26755840
-23554360
-28724600
-19438780
-17502045
-17573640
-15119260
-19868700
-13394680
-12492945
-12486040
-11024160
-14561900
-10132380
-9563945
-9670740
-9103560
-11950000
-9232980
-9519945
-9652340
-9308260
-11258300
-8693280
-9116845
-9148140
-9110260
-11326900
-9281380
-9454645
-9490240
-9635560
-12071200
-9623380
-10000645
-9840740
-10632460
-14051300
-11200280
-11959245
-11771640
-13014960
-17159300
-13795580
-14391845
-15054440
-15834060
-19120000
-15902580
-15461945
-16622440
-15672860
-16923200
-14114380
-12728345
-13085740
-9399760
-7188600
-4850880
-2059645
-1894740
5213540
12520000
13507620
18183855
18878760
29063040
41748000
39774620
45362355
46447760
57958640
76075600
69207220
74923555
76200360
86381940
108275700
95330520
99590655
100677660
107020140
130308400
111563820
113142955
113629460
114167040
135860500
112406620
110622255
110089760
104571240
122731700
96567020
91666355
90345160
79578340
92190900
66622920
59502155
58987060
44665740
49135200
28839720
20345255
19798360
3805640
-49700
-12214280
-20688245
-21307140
-37399060
-50255400
-53207480
-60594145
-60872340
-75697060
-97873300
-90218580
-97014545
-96852940
-110155560
-140546900
-122589180
-128872045
-128881040
-139517360
-174951100
-148214680
-151930145
-153737040
-159427060
-195936000
-163360880
-163688345
-165135240
-163542560
-196294900
-159659180
-157110545
-157146040
-147831660
-171863000
-134556780
-126727645
-126094140
-108617660
-121499800
-87444180
-75425645
-73911040
-50634560
-52149200
-25862980
-12622645
-9206840
14898040
23070000
38289920
49737955
52381060
71961040
87833800
89709820
97598055
98177960
110319340
130956300
119043920
121971155
120359060
124082340
147565400
124013920
122749555
120873060
117906740
142123300
112558620
108742655
107040260
100539140
124212800
93715920
89715955
88671060
81911040
103475500
75602220
72556255
73303860
66714740
82939600
60412920
57219055
59405560
51521140
59587400
43828020
39893155
40975160
30087040
28216100
17730920
10724255
10228060
-4844760
-16509400
-21674480
-31017845
-31639340
-50080060
-71798100
-69458780
-79054445
-82888640
-99328660
-124897500
-114428380
-120883345
-124643740
-133488760
-158070000
-140071780
-141974445
-142476640
-140333260
-159189500
-133090880
-127386545
-125357740
-111623360
-123086800
-93231680
-82049145
-79189040
-56883560
-58909400
-31938680
-18818545
-14521040
8247340
12191500
29925020
40312855
43957660
60021140
66613500
72441920
77173255
77487560
82945840
90160700
83219220
81459855
78391860
74515540
82821800
66536220
61184755
56348360
47637540
57587600
37309520
31898255
28971160
21868140
33554700
16285720
13994155
13909360
12574140
25801200
14314420
16331255
18642060
22838640
35891300
29310920
33137055
37662060
41601340
49196600
45116220
46380555
50606860
47964440
45366100
42139020
37531155
38163660
24017840
8901100
5033320
-6600145
-10066040
-34415660
-60933100
-62409380
-77366645
-83668240
-111314660
-146445100
-140105380
-153942845
-159170240
-178989460
-214873400
-194932280
-201383245
-204945640
-208217260
-235601000
-203610380
-197740445
-197016240
-178890160
-192852900
-152764180
-135639345
-129958040
-95317160
-95095200
-55017080
-33164545
-24832440
15253940
28309300
57051420
77503855
83282060
115643140
136526900
144019820
156435055
158141460
173693640
196603700
181360920
182219855
179392560
175782140
197449500
164477220
155553155
149377360
132658740
153076900
111565820
99158755
92775960
73510540
93846500
54530020
45416155
41667660
29659040
50607900
21498920
19430855
21300060
19859040
38810800
22752920
25632955
31904060
36251040
49428000
42824220
46368455
53000360
54814040
57070800
54466620
52764955
56266760
45771340
32927900
30610220
19913955
17618360
-7934960
-35328800
-37446580
-54304645
-62615440
-96986060
-136561800
-134193680
-152758145
-159398040
-189872360
-235049100
-217913680
-231220845
-236238540
-251223160
-289885100
-256469980
-255509445
-257526840
-246882960
-271779300
-225626480
-209366045
-204472340
-170417660
-181306600
-129386580
-105548845
-94370440
-49047660
-45993000
-129880
24052055
31986260
72819440
87173300
111627920
129564955
131846560
156894640
175911400
173233420
178791555
175956560
180060640
200426200
173915620
167180255
161286760
148882340
170573600
129876120
117671255
111056260
93260640
117028500
74690620
65502555
60413260
48858940
74868000
40244820
38135455
39237960
38090340
62736500
40618520
43437855
50628160
55124340
73470000
62705420
67060155
73698060
75676740
83161900
75956820
75646755
77392460
68793940
62572600
53033220
43603455
43018860
19617340
-3366300
-11710080
-30014045
-35231440
-68223660
-102492100
-104250380
-123406445
-132830740
-162445760
-199286400
-190601780
-203011145
-209670640
-223575460
-255856200
-230733080
-231031645
-229788440
-221768060
-245414300
-203468280
-190948545
-185364640
-156812760
-167322400
-118766380
-96670245
-89415740
-49726560
-48238000
-7252780
15111855
21996360
58829540
69267300
92342420
107234155
111119560
133867940
150115800
149935420
154527255
151488060
157329240
179639500
157015020
153844555
146559160
140514740
167918200
130101520
123337455
117920160
107473440
137487500
96735920
91347955
91016060
83090740
112086600
77934420
76258555
78773060
75322540
99972900
75169520
75995555
80767660
78169140
92955800
75606220
74302855
77379860
68949540
71092500
57285320
50873555
51889460
33845540
20911600
10996620
-2177245
-5673740
-31465160
-55236700
-59705980
-74973545
-81970340
-107324960
-135728300
-132623880
-144373345
-149851240
-165526360
-192820700
-176734980
-180170145
-180615840
-180037260
-201842900
-171537780
-164777745
-162053140
-144233160
-156481500
-119046880
-103766345
-97868240
-69214560
-72803500
-37281180
-20152145
-14074040
15011640
18876200
43274120
56628755
59417260
80293840
89859900
96336420
102413855
101564560
109968940
123862500
112700820
111569455
107253960
104921440
123145800
98616820
94005855
89375960
81859440
101953700
72340120
67407855
66756260
58642140
76310600
51611920
48361255
49715060
43882040
56982000
39550920
37892355
39645060
35053640
41293100
29800120
27257555
30691260
23547140
20064600
15301620
10184255
9537760
-1255660
-11183100
-12668780
-18888245
-22958140
-34425260
-47104900
-47157380
-53604145
-56814740
-65741160
-77198500
-72720680
-75640945
-77104540
-78307860
-85009100
-74875080
-71584645
-71759940
-62298660
-61855800
-48776180
-40073245
-36281040
-18857160
-12683900
628020
10919255
15960660
34134440
44204100
52621620
61256655
64257260
77250440
88959200
88057720
92152755
91243860
94974240
106681600
94463720
92702455
89968860
84952340
96349100
76127620
70230455
66966260
56784640
68157400
45616520
39825555
37360160
28622840
40035300
21112220
18330455
17698860
13635940
24061800
11466520
11596055
14406660
14573240
22169000
16324420
17826955
20659560
21278540
24292100
21860020
22567455
25070160
22326640
17764700
17116520
13683755
13447660
5064740
-5434900
-5928680
-12614645
-15997540
-27940460
-41266600
-41653780
-49091245
-53075640
-63645060
-76481300
-73121480
-77284445
-79760340
-83332360
-92729900
-83120680
-81694145
-81887040
-74797960
-77471400
-63227680
-55778445
-52998540
-36865260
-32439900
-17402180
-6516945
-1718040
17835740
27229000
38476220
48814455
52415360
68596240
80703900
82779520
88599655
89590660
96682040
109250900
99464720
98876355
97431860
93189240
103555800
84715020
78780155
75995660
62886940
68226500
46770020
37632555
34652660
18054040
18258100
579220
-8267545
-10442140
-25219060
-29446000
-38590280
-44509345
-44814640
-53701260
-61516300
-59599880
-61399245
-60725240
-62016860
-70384600
-59830080
-57575145
-57189940
-51157660
-55778600
-42343480
-36825945
-35899840
-24797060
-23960000
-12052280
-5130245
-3302140
10048740
16970900
24164420
31328355
32226060
45502740
59183600
58423520
64728755
65236660
75795340
94136100
84776220
88538555
89596360
95058740
114689100
98645520
99695355
99692660
99410240
117871300
96933420
95099455
94060560
88834940
104437800
81383420
76722855
75948060
66546140
77559500
55621520
49507555
48630160
37123640
42978400
25194320
19395855
18515460
6618740
5818800
-5252780
-10961345
-10561140
-21885160
-30421600
-33153880
-38760945
-38226740
-49028160
-64629800
-59780580
-64800245
-64871440
-74537460
-95797800
-83833980
-88135945
-89168840
-96453160
-120875700
-102829580
-105646745
-106979940
-109872260
-133189300
-111074580
-111095945
-112563440
-109033860
-126251700
-102446680
-97946745
-98155540
-86780560
-95556200
-71794980
-63095045
-61774340
-42930560
-40815000
-21044580
-9209145
-7444940
15811140
29878200
40275020
53201555
56253160
79156440
101944200
100880120
111278255
113850260
131232140
159983900
145994120
151841455
152380260
160351440
191222900
163853520
163884055
163357160
159742240
186684700
151000920
144841855
144386060
129198040
146381300
110410820
99130955
97033460
73905640
79497800
48404420
34762755
31692560
5017840
-2105000
-23220480
-37016445
-37964840
-63632460
-83615700
-87987980
-99707145
-101523840
-120832460
-148160200
-136274580
-142806045
-144658940
-153380960
-182426600
-158622080
-159589345
-159323940
-157269560
-183265200
-150718680
-145559445
-143243040
-131750760
-152830800
-116095980
-107085945
-104775840
-86559460
-100003400
-66610380
-56189345
-53901740
-34322760
-39413500
-15281180
-5878845
-4698540
12136440
15131200
28222220
35282155
34677860
47183440
57005200
58040220
62289055
61167860
69718940
86164800
76049220
78609755
77235860
82241440
104288300
86149420
87846555
88484060
90518240
112939400
91881220
92181655
93900860
92288140
110504900
89053020
87310955
88731660
81595540
92005300
71648720
65731555
66310360
51698940
51227300
34620920
25018355
23714060
3018040
-9438600
-19627180
-31352045
-35415540
-57092960
-77216800
-79116080
-90050045
-93924440
-110853260
-133869000
-125801780
-132301845
-133721140
-140731560
-162535000
-142950080
-141817245
-141012440
-135289860
-152974600
-124169880
-116668545
-113813740
-97717660
-109232100
-77997880
-67140645
-62989740
-42793360
-48097100
-21581580
-10745245
-7850940
10212740
10152600
26617920
34275355
34595060
46768340
51817300
55632820
58499255
56515960
61335040
71430300
63035820
62446955
60359460
59554640
72278200
56804020
55000255
53991160
50388440
62289500
45920720
43711155
44332860
39460340
47970300
34297620
31585955
32571760
26423440
29952400
20579220
17592355
18148860
10772240
7922900
2988020
-904345
-2180340
-9421660
-15077800
-16792780
-20651345
-22939140
-28763160
-34022900
-33955180
-36344445
-37405040
-39389160
-42685000
-39245780
-38566545
-38120140
-35557660
-37496500
-31198680
-28036545
-25550540
-20053260
-21817400
-13542380
-10062545
-7563240
-2903460
-6258100
1241020
3118255
4411660
5396640
-920000
4419820
3163555
2076460
-1201860
-8609500
-5990180
-9426945
-13015040
-18002260
-23351500
-23738580
-26545345
-29190940
-31598760
-33343100
-33288380
-33393845
-33694740
-31177360
-28828300
-25946980
-22414645
-20266340
-12698760
-7899700
-2795280
2907655
6208860
14810740
18663400
22959420
27317355
30727560
35155540
35283200
37295320
37427455
37708960
34849240
31166700
29090720
24917855
21533860
13345240
8538200
2619720
-3420445
-8069140
-16863160
-19378800
-26068680
-30278345
-33168540
-36671260
-34587100
-37240780
-36345345
-35600640
-30562360
-24315300
-21440880
-15817945
-12616240
-784660
8796600
13758120
21755555
26757760
38796740
46996500
50314520
55688755
59393160
64641740
68349800
67172820
66484955
66003960
60907140
59479300
51254720
44471855
40530360
26540140
21053000
8745320
-1324445
-6100540
-23145060
-31062300
-40600180
-49442945
-52827040
-65549260
-74193600
-75321680
-79334645
-79417040
-82768560
-90975600
-82272980
-79873445
-77476340
-72022760
-79397600
-62851680
-56966545
-52658040
-42565160
-50421600
-30885180
-24913845
-22214040
-12966460
-20544200
-4610080
-1175845
-1172940
3800640
-2006600
6007420
6463555
3929060
4111940
1397700
2468020
1016855
-1160340
-2390160
-1823300
-4010180
-4684745
-6794040
-5429960
671600
-2523380
-316245
-191740
5725540
16406100
13478320
18495255
20961460
30009740
42999500
40624520
46286155
49267160
57870340
70860100
66340620
69792355
71574260
75545740
86837400
77159720
77071955
76701360
73499240
81754900
67466920
62944755
61058560
51271840
55456200
39133020
31739555
29698660
16383740
15970000
1874220
-5133845
-6946640
-19683460
-24202000
-31571680
-36869945
-37788540
-46933960
-54946100
-53754780
-56697445
-55608640
-60264060
-72196400
-63390780
-63311745
-61993640
-62928460
-77409400
-62575180
-61826945
-61254540
-59913260
-74473600
-57726980
-56738145
-57110340
-54431860
-67146100
-51644680
-50020645
-50625540
-46842460
-56638500
-43288580
-41319245
-41396940
-35675960
-40408200
-29537880
-26398045
-26703740
-18557460
-16608300
-9403880
-3915145
-3649240
6482540
13659800
17579520
22842055
24680160
34462840
44623800
44118120
48726955
50624260
58013440
69749700
63762020
66955455
66718160
69669240
82118600
70842820
70384455
69795460
67386240
78245800
63283420
59964155
59241060
52612340
60215100
43885820
39737655
38526960
30101440
34561800
20454420
15806555
14618060
6429440
8280300
-878680
-5137045
-5231540
-11823260
-13997500
-17766780
-19942545
-19078640
-23308760
-29725800
-28023180
-29306045
-28917040
-31501960
-39592100
-33359280
-34651645
-34866140
-36060560
-44266000
-36160380
-36258045
-36957240
-36626060
-44383100
-35861280
-35535345
-35582640
-33439960
-38825600
-30352280
-29283545
-29190640
-25096360
-26542600
-18990380
-15957345
-16052740
-10175360
-8667300
-3074580
779455
2032060
8438440
11345800
14357320
17099755
18302460
23354940
28467200
28130020
30316855
30364660
33011440
38683800
34673320
35487155
35056460
34630740
39394400
33139820
31142655
31150960
28315340
32132300
23475520
22253055
21078160
16964240
20055400
12026120
10537155
10061760
5932840
7130900
1975820
-122945
258460
-3354960
-4599200
-7056480
-8487345
-8483840
-10950860
-13768500
-13266880
-14569245
-14823240
-16705160
-20525600
-17136280
-19646845
-19260140
-20648360
-25404200
-21260380
-21672045
-22343740
-22816760
-27590500
-23248380
-22468845
-22618240
-21671460
-25156500
-20056580
-19140345
-18675940
-16466460
-18023000
-14017180
-11282045
-10813540
-7437160
-7695300
-3936380
-1371245
-897740
3009640
4152600
7050820
8271955
8839460
11862540
14019500
14742920
14952655
14501560
15751440
18647200
17444620
16795155
16270260
16097240
18216800
14855620
14155355
13561760
12740740
15614000
11548020
10032855
9765160
8486940
12447700
8493020
7825155
8634660
7913740
10396500
6359320
8216555
8896960
8949740
9972000
6994020
8163855
8037160
7528540
8977600
8366220
6804955
7123360
5229940
4263900
3151620
2615355
1858760
-672860
-4298100
-5038680
-6846545
-7395040
-10512460
-14677400
-13872880
-17245645
-17584740
-20488360
-24153300
-22604280
-23266745
-23607640
-25034660
-29710600
-26597980
-25900045
-25834840
-25159360
-29151900
-23851880
-23285845
-22608740
-20993360
-24017300
-17795580
-16946245
-16008440
-13932060
-17326200
-11517580
-9818245
-10147440
-8604660
-11785200
-6957980
-7075145
-6433840
-5866360
-8964500
-6327380
-5698245
-6100740
-6666260
-9832600
-8744480
-7632245
-7909840
-8371160
-11820600
-10655280
-10530245
-11597140
-12076460
-13484100
-10864180
-12876845
-12763040
-13117060
-14554500
-11675180
-12078445
-11811540
-11856360
-14690800
-11940280
-11695145
-11243140
-10747160
-13411100
-10377280
-10512745
-10029640
-9998560
-12158000
-9479880
-9328045
-9390240
-9078160
-10722100
-8741380
-6497345
-7283740
-5866360
-7117000
-5796480
-4118245
-4206840
-1861760
-1242000
416120
558855
759760
3202840
5813300
6741020
7384955
7317160
9932440
13354500
13231820
13847255
14481960
16647540
19580800
17025320
17824555
18766460
19511740
21649500
18458420
17185255
16925060
15837240
18449000
15170820
13001855
12385460
9727740
10870500
7423320
5124855
4978460
1338440
-511000
-3858480
-5031845
-5042340
-9242260
-13246600
-13702580
-16394445
-17186940
-21571260
-25561400
-23011680
-24932245
-24779040
-28434360
-35735800
-31532580
-31637045
-31298940
-33464060
-42823900
-36212080
-36195145
-37197440
-37905760
-45179200
-36226380
-37561745
-37890740
-37633760
-43926400
-34905680
-34057845
-32787040
-30670760
-37843200
-29683380
-26667245
-27235240
-23778860
-27604200
-20041580
-18386145
-18022440
-14080860
-14499000
-8193980
-6365845
-5736340
-1603760
-1084000
1792920
5930155
6743060
11696340
12897600
13634720
15823355
14857360
18546940
24605600
23724320
23202455
23260960
25630940
32626200
28357020
29853755
30332160
31506940
35733000
29048520
29625355
30326160
29505040
34085200
28099220
25253255
24092360
20365940
25374500
18985920
16610955
17193060
12190040
10378900
4405820
2640055
2989960
-2670160
-7916900
-10389380
-14230145
-15962740
-21775860
-26240900
-25191480
-29215045
-30540840
-34717760
-41584900
-37592080
-39741445
-39076440
-40574060
-49853100
-42968380
-43127045
-43400740
-42458260
-48771900
-38878480
-38633245
-39278340
-36811060
-41044000
-30894680
-29410345
-27371540
-23694260
-28734200
-20456480
-17490045
-16177340
-12375560
-14869600
-9428880
-4507445
-4900740
-1216060
-691900
2770320
5774655
5503960
8898040
11335900
11139720
14529055
14875860
18562940
22590000
19100820
22587755
21296960
24538640
31228100
28112820
27889555
28748960
30810240
36740600
31797120
30374055
30985260
30882740
35928900
29214320
28316055
28184960
25807740
28474400
21405920
18942055
19149560
14570440
14287100
9000320
4502055
4010960
-1836960
-2867900
-7232080
-8990945
-11444940
-16697460
-19077900
-19207880
-21231045
-21306740
-24592060
-30114700
-27742880
-29216445
-28011740
-29554760
-34422200
-29016080
-28962345
-28615940
-28714760
-32435700
-26248480
-22313845
-22069340
-20434860
-26047200
-19863280
-16733545
-15291640
-13294160
-18660800
-13084780
-11905545
-12207640
-10248960
-11221700
-6143980
-5208545
-6900340
-3889460
-2991600
-706780
1306655
74860
4297140
7250400
8831820
7797355
8604460
13429740
20030400
19325820
19803555
20660960
26154840
35143300
30836920
34017355
35306560
40410840
49001500
42439620
45037755
44958260
47657740
57690400
50963720
48924455
50428860
49867240
57712400
47173820
46656155
45827460
41927840
47286100
35973820
33647955
32410960
26093740
29193800
19775320
14908255
13000960
5578640
8339500
1783720
-3077845
-3051640
-9524060
-10787200
-14962580
-16078445
-16703940
-19883060
-23201600
-22729780
-24425045
-22691640
-22763660
-26242500
-22442880
-23179445
-22690240
-20403060
-21639100
-16045680
-13224745
-14518040
-10401360
-12133900
-7579580
-5127945
-3834940
1540940
699400
3912320
4615755
5875460
10255940
13454100
13758620
15727555
14367760
18274540
25266900
23426220
25859055
24733860
28380840
36205100
31130820
33029955
34541460
37776840
46464000
38996520
40523155
40557660
42259440
53772100
45169320
46398955
46446960
46743140
57782400
47601220
48863455
49192860
47856340
56480000
44467120
45372855
45344260
41369840
47840200
37269020
33954755
34515660
28592940
32343900
22902620
20495955
20077260
13758340
13881400
4960520
3489255
1322160
-4679660
-5210800
-8419880
-13034245
-13036240
-18108060
-21328800
-20848180
-23825645
-23624540
-25743460
-30197500
-27569180
-27113345
-27556540
-27471060
-31484600
-25946280
-26434145
-25699140
-24482860
-28032100
-20489580
-20186945
-18868940
-16703360
-21370500
-15545680
-12657845
-12975040
-10081360
-13236100
-8513180
-7242345
-7292540
-4779460
-5074300
-2401780
-1396645
-1479640
1080640
3395300
4463620
6686755
6370760
9547340
13151900
12034520
14794055
15024660
18825340
24734000
22424520
24451255
23869160
27004840
35892200
31990120
33506055
34334260
36128940
43090900
37185120
37587255
38786260
38683940
43882600
36574220
34916955
34747860
32386840
38205600
30309020
27707255
26171160
21839540
26474000
18209820
16024955
15849460
11459840
12413800
5729820
3817255
3691960
271440
1134100
-2268880
-3980545
-4966240
-6626760
-4378700
-5726280
-5366045
-5208640
-4793160
-4293700
-4730280
-3361645
-1236640
575540
-85600
1633820
1466655
1998960
3582740
5241400
6103220
7291955
6083360
6790040
8095800
8161020
8638055
8510160
8054640
6665200
5738320
4473855
5129460
3319640
1767200
541420
-1347445
-2686440
-4879860
-4226200
-5965880
-5454945
-6055240
-7812460
-9611200
-9296380
-10786345
-8974240
-9445260
-12364500
-11388380
-11890645
-11913740
-11578560
-11836800
-10161180
-8765845
-9939040
-8449760
-8221600
-5293380
-3847645
-3843740
-2224560
-4295300
-1460880
-2360045
-840740
910940
85000
1042920
1354255
903060
2289740
3890100
3709520
4659155
4415160
5757040
7076700
6663620
6435755
6175260
6821340
8429500
8014820
6910555
7168960
7772640
9398100
7768020
7743655
7391160
7616640
9105000
7528220
6941055
6693860
6404040
7835300
6307320
5871155
5905460
5125440
5688300
4249220
3590255
4088360
3438140
3704400
1962220
1882455
2062360
1400040
2263000
634220
1585455
963360
792340
2384000
1650120
2419355
2341760
2253540
3583200
3072020
3567655
4497160
4971140
6150400
5458120
6564455
6058760
6917440
9661800
7543620
9594355
9258760
10325840
13880800
12364320
12909955
13001960
13667240
16997400
14921620
15226855
16342260
17173140
19326900
15696120
15833255
15266260
15352640
19073400
15008720
15266255
15261860
14217540
16273300
13345220
11555955
11616360
9206740
9052600
5749420
4011655
4528560
1123040
-1496900
-3898080
-5708645
-6611940
-10669360
-14381800
-14573580
-16630645
-16887440
-20904260
-27342800
-25426480
-27612645
-27297340
-30537860
-38815500
-34583680
-35794445
-36439540
-38163160
-46163800
-39267080
-39845645
-39917440
-39813160
-47881000
-38785280
-38702345
-38711140
-37156760
-44336400
-34750580
-33778445
-33673940
-31344460
-37391500
-27981480
-26719545
-26212340
-23184560
-28223300
-19530680
-18208145
-18115540
-14886860
-17888800
-11642880
-10005045
-9869740
-6726260
-7368300
-3600980
-1309345
-1915840
1494340
3550600
5557020
7478155
7522160
11549740
16474700
15843320
17620355
18078460
21781740
29327600
26298620
28418455
29322260
32229440
40367000
35434820
37178855
37283960
38753440
46950100
40080520
39988255
40241160
38821040
45144600
36742220
35153155
35415360
31319040
34352600
26424520
23508555
21768160
16002940
17130600
9569320
6302355
5787460
-384160
-2565000
-7563880
-11232245
-11403240
-16757160
-20532300
-22064080
-24072645
-24097940
-27439760
-32345100
-30081180
-30669445
-30486040
-31715760
-38102800
-32439480
-32283645
-31434340
-31616760
-39668800
-31449680
-31874745
-31418040
-30864460
-38512000
-29603380
-29500045
-30533240
-30087160
-37022000
-29295780
-28907945
-28725140
-27728760
-34472200
-27026180
-26492345
-27280540
-25769860
-30017200
-23570280
-22499245
-21882140
-19085260
-21782300
-16230780
-14508745
-14135640
-10754160
-11732600
-7541480
-5232545
-4499340
-1302960
-1703100
1799920
2838755
3200060
5040440
4730300
7145220
7104855
6909860
6878040
5992200
5782920
4973455
4460560
2894540
1934600
446520
-325545
-1090340
-3428560
-4873000
-5951480
-7187445
-7257340
-8873160
-10456000
-10442080
-10976645
-11216440
-11558560
-12316500
-11384080
-10824845
-10574940
-9517960
-10031300
-7637580
-6577345
-6197440
-4299660
-4756300
-2091780
-1406645
-993140
664740
624400
2335920
3151455
3377060
4722840
5137200
5816320
6445155
5472460
6306140
7860900
6382020
6686855
7234160
8055040
9999200
8041520
8122555
8092160
8779040
11987500
9604920
10744355
10629560
11798840
15289800
12919520
13477355
13518660
14214540
17344400
14572320
14485655
15704960
15422440
17112800
14267420
13843355
13442060
11969040
13232400
10417420
9458855
8713560
6014740
5664900
2922320
489055
287960
-2997960
-4627000
-5809280
-7805845
-8168140
-11341560
-14362400
-14454580
-15649545
-16223440
-18066960
-21151500
-19060480
-19728845
-19485340
-20469060
-24447100
-21018780
-20884445
-20070140
-19328860
-23338800
-18281180
-17200945
-17309040
-16128860
-19605400
-15229080
-14405145
-13937440
-12329460
-15029000
-10459980
-9642345
-9806840
-8929760
-11449600
-7845280
-7560945
-7547640
-6392660
-7884100
-5189580
-4903045
-5452440
-4967460
-5326400
-4138480
-3666245
-3290840
-2058760
-1341700
-247580
685855
214560
1540840
3541000
3361820
4433555
5222960
7087840
9329200
9030920
10171755
10080060
11417840
13933500
12985620
13392355
13410260
14480540
17185200
15124720
14974355
14804360
14776540
17219700
14048420
13737955
13779560
13202240
15477300
11950520
11482555
11083160
10363740
13261400
9685220
9228055
9332860
8728540
11539500
8000020
8332755
8683160
8330740
10711700
8314120
8699955
8501760
8143440
10068600
7969320
7714755
8140460
7489140
8190200
6857020
5874155
5911160
4690740
4510500
2986620
2488655
1828760
346240
-294000
-1342880
-2462845
-2862740
-4062960
-4887800
-5342180
-6079845
-6118040
-6594160
-7291400
-7030380
-7018945
-6764240
-5963560
-5896900
-5000180
-3991245
-3863540
-2588460
-2086200
-1026480
-154945
536660
2169840
2683600
3843020
4511355
4804160
5211340
4921800
5190820
5121155
5397460
4837740
3932400
4033520
3135655
1950660
-27660
-1103100
-2212080
-3349045
-3554440
-5389160
-7098000
-7442480
-8517645
-8841340
-10541860
-12344900
-12059280
-12401145
-12129640
-12184660
-13427900
-11682480
-11183545
-11213340
-10238060
-11002700
-8739180
-7488145
-6883040
-4853560
-5347600
-2599480
-1548645
-1545340
366340
741300
2727620
3669255
3720760
5836440
7215200
7770620
8287055
7783260
9394240
12362300
10865420
11619555
12008560
13383740
17001200
14789620
15176055
14936260
16305040
21257000
18096420
18724555
19146060
20362340
25436800
20844520
21061255
21420160
21660540
26798400
22246420
22629855
22810560
21834140
24994500
20628720
19236155
18847360
16785940
18750900
14051720
12313955
12596360
8737140
7935800
3795720
1466655
870360
-3360560
-5394400
-7269280
-9039045
-10153640
-14014660
-17774900
-18124480
-19936045
-19850840
-22081660
-26350400
-23950580
-24614245
-24639440
-25518660
-29938300
-25812380
-25247345
-24681740
-23306260
-27450300
-21448180
-20290245
-20314040
-18152260
-21436500
-15777980
-14400045
-13563340
-10957660
-13881600
-8801780
-7885345
-7831140
-5960560
-7922000
-4544080
-3537445
-3507940
-2117760
-3358700
-1290380
-1089745
-1842240
-1102260
-1017400
-561680
-347845
-191540
374340
553000
621920
459755
656560
980840
1743800
1760320
2056155
1958960
2424240
3377200
2887020
3025755
3213660
3061940
3332000
2855920
2613055
3293560
2065840
719900
993420
178655
-257440
-2522760
-5072900
-4850080
-6346845
-6714940
-9606160
-13410100
-12831680
-14548845
-14899540
-17975860
-22728900
-20587880
-21783245
-22264240
-24090660
-28995100
-25380880
-25829545
-26357240
-26259260
-30061800
-25553180
-24884745
-24221540
-22344960
-25501400
-19889580
-18330045
-17763440
-14548060
-16520800
-10901080
-8836245
-8587940
-5083260
-6011800
-1775280
-231445
276860
2903040
2450000
4830620
5305455
5411260
6320140
6215900
6594920
6620855
6485060
6121540
5950700
5073320
4442255
3326460
2355840
3093300
1189620
577355
688760
-542960
-346400
-1795880
-2550545
-2261240
-3239960
-3382700
-3483680
-3150245
-3276540
-3620560
-4546300
-3885180
-4101245
-4034540
-4263360
-5393800
-4429880
-4690545
-4106740
-5120560
-7641900
-6190880
-6790345
-6657740
-7954560
-11315100
-9536580
-9966045
-10846440
-12204460
-15404200
-13495080
-14149045
-14387940
-15370860
-18586100
-16308880
-16615345
-16792240
-17033960
-19839200
-16776480
-16249145
-15858840
-14880860
-17590300
-13754780
-12844045
-12995640
-10968060
-12336400
-8648980
-7523545
-7018340
-4904060
-5977600
-3323880
-2590345
-1985240
-211760
-711400
1375620
2057555
2026760
3023140
2762200
3364320
3391555
3097460
3407940
3875800
3686520
3460855
3073660
2647740
3159400
2185620
1785055
1491260
1230840
2137500
1331120
1396355
1351760
1249540
1974400
1343420
1385355
1522560
1801940
2737000
2277720
2558255
2979360
3220840
3658200
3052720
3184355
3548360
3368240
3271400
3081220
3040555
3038360
2146140
1242800
809420
29355
-504440
-2110560
-3367600
-3798580
-4625745
-4517440
-6449660
-8979200
-8370280
-9454145
-10189640
-11848060
-14088000
-12953680
-13372845
-13418040
-14110160
-16632000
-14675580
-14724545
-14460940
-14157860
-16365700
-13258180
-12704845
-12391040
-11178960
-12807300
-9702980
-8820545
-8699840
-7298660
-8629600
-5761380
-4829445
-4324740
-3086260
-4841900
-2077580
-1894045
-2131940
-1508260
-2541200
-1280280
-1359845
-1579640
-1539760
-2149400
-1901580
-1897745
-2046440
-2273160
-2907300
-2364880
-2414545
-2757240
-2414660
-2259600
-2076980
-1832045
-1843340
-1248860
-520500
-695180
-169745
499960
1203040
1666100
2041720
2596655
2732860
3095740
3029500
3417220
3384255
3781860
3500840
2536700
2491520
1844155
1418660
152240
-930400
-1360880
-2293545
-2703740
-4355960
-5980000
-6141880
-7236845
-7586240
-9071460
-10931700
-10183780
-10730745
-10987140
-11381360
-13046400
-11621780
-11533545
-11599640
-10980660
-12108200
-9956180
-9514745
-8738540
-7571860
-8838600
-5990180
-5292945
-5078040
-3672360
-4817500
-2360880
-1813545
-1750740
-774860
-1820700
-281180
-445045
-250540
-325660
-1357800
-417680
-835845
-1401540
-1872060
-2529300
-2401480
-2567145
-2972840
-3165860
-3480200
-3604980
-3665245
-3741340
-3401760
-2812700
-2656480
-2065745
-1856340
-799160
291200
666520
1584455
1867160
3626640
5377000
5566020
6717955
7062160
8602340
10495600
9800320
10431155
10812460
11460240
13233000
12026320
11976655
12062960
11351540
12390500
10258120
9579155
9012760
7407340
8042100
5415020
4428655
4160660
1820240
1229100
-856780
-2311445
-2318140
-4686860
-5996100
-6669380
-7741245
-8072740
-9867960
-11766400
-11367280
-11739445
-11798140
-12644260
-15155500
-13126480
-13372545
-13156340
-13374260
-16188800
-13060280
-12992245
-12832640
-12479660
-15260600
-11944580
-11512545
-11629940
-10714760
-12956400
-9774680
-9176645
-9217040
-7964360
-9439000
-6780980
-6289345
-6242840
-4638460
-4789800
-2827880
-1818345
-1875240
216840
1390700
2313220
3564955
3583360
6253240
9166000
9006720
10365455
10662860
13271340
17622400
16064720
17428055
17722860
20081240
25499300
22560220
23882555
23917360
25571840
31324400
26783820
27258155
27585960
28125540
33749100
28111020
27805155
27721160
26781840
31948500
25560920
24738855
24317060
22542540
26780600
20303620
19149155
18743260
16418740
19502000
13764520
12213155
12237660
9957840
12212500
7829320
6806955
6460960
4813440
6755800
3549220
3194255
3060360
2452840
4095200
2056520
2084955
2558160
2648240
3856900
3120620
3317255
3684260
4343540
5678000
4722020
5216955
5000660
5917440
7865600
6860820
7307655
7298960
8166140
10431300
9020320
9268155
9353960
10065240
12753600
10828820
11175855
11012460
11745940
15270100
12530120
12965655
12833760
13625140
0
14958020
15445855
15783660
16506540
20673100
17120920
17516255
17769560
18251540
22498900
18630120
18914555
18782760
18939540
23200200
18858820
18731355
18711960
18247340
21968300
17443820
16891455
17003460
15837940
18705600
14433420
13675255
13464560
11819640
13831400
9980520
8955955
8780160
6996140
8220500
5191420
4167455
4061060
2370740
2899600
798520
107655
-31340
-1163860
-1011900
-2072180
-2362645
-2371040
-2820760
-2838300
-2857080
-2923945
-2862940
-2553960
-2278700
-1747380
-1288845
-1240240
-307160
351900
808420
1503255
1654560
3084640
4504200
4675420
5485555
5520060
7125640
9537300
8859520
9773555
9778160
11523440
14875600
13190720
14152855
14200360
15861540
19980600
17202820
17822555
17960460
19244740
24073100
20310820
20725055
20935460
21507640
26260800
21794820
21862755
21935960
21758440
26016800
21066520
20609155
20577660
19361540
22829700
17632020
16663555
16622160
14446240
16643500
12049720
10774655
10492860
7717340
8328900
4733820
3201055
3017960
114540
-722700
-2841580
-4407545
-4605440
-7287160
-9200800
-9674780
-10814045
-10970140
-12920860
-15706000
-14455480
-15084345
-15083840
-16129960
-19427100
-16731480
-16902545
-16778340
-16930760
-20299900
-16593980
-16305445
-16159340
-15610160
-18851300
-14764880
-14184545
-14079240
-13022160
-15816900
-11843080
-11206945
-11115440
-9818160
-11955600
-8619880
-8000445
-7972240
-6611460
-7873800
-5280880
-4602345
-4637740
-3361260
-3925000
-2238080
-1658945
-1655440
-536060
-539400
411920
834755
1016060
1711440
1829500
2178320
2335055
2391960
2572540
2695900
2615020
2589555
2574160
2193140
1879600
1439020
1065455
997660
246740
-307700
-706180
-1169045
-1381540
-2325360
-3016900
-3212280
-3650445
-3881640
-4485160
-5083000
-4798180
-4890245
-5000040
-5051060
-5467200
-4777780
-4574445
-4507140
-3809260
-3626300
-2652380
-2032745
-1908740
-782760
-98700
720120
1436055
1748760
3079940
4130100
4556620
5274755
5414260
6469240
7762000
7429520
7807355
7885660
8468840
9980700
8726620
8662655
8534260
8330040
9841600
7925420
7653055
7698560
6957140
7734600
5883320
5201055
4993460
3783940
4038100
2296120
1496755
1513760
-14660
-713800
-1828480
-2769045
-2779340
-4620360
-6535800
-6536080
-7418245
-7377940
-9188260
-12370600
-11165380
-12220145
-12473240
-14219360
-18016600
-15888580
-16614345
-16670940
-17940860
-22282300
-19031880
-19504645
-19844240
-20427760
-24480500
-20557080
-20362145
-20311440
-19904360
-23701200
-19089080
-18621345
-18447440
-17217860
-20349400
-15594880
-14690545
-14347240
-12472760
-14781200
-10538880
-9507345
-9408740
-7502860
-8938400
-5619980
-4657945
-4325340
-2830760
-4111500
-1643480
-1284345
-1300840
-452760
-1256900
41420
184655
-32440
42840
-596000
-311680
-597445
-760040
-1312860
-2062600
-1947680
-2382345
-2482540
-3384760
-4675300
-4401480
-4969345
-4951340
-5847960
-7520000
-6745080
-7220945
-7253940
-8154160
-10174500
-8928280
-9223445
-9249640
-9887460
-12245100
-10281080
-10425545
-10459940
-10809860
-13384600
-11032680
-11058545
-11096040
-11072460
-13387500
-10824580
-10643645
-10691440
-10323760
-12319600
-9781980
-9393745
-9323840
-8567660
-10217700
-7630780
-7205045
-7085640
-6065360
-7165900
-5031580
-4472145
-4473440
-3377060
-3823800
-2343880
-1772645
-1577740
-701060
-976900
50220
418455
499360
1042640
920100
1478720
1618755
1524860
1619340
1544200
1386020
1262355
1256660
801940
416300
446520
-20345
46160
-964960
-2061000
-2102980
-2788845
-2821840
-4183360
-6115800
-5678080
-6552945
-6678440
-8384860
-11266300
-10195280
-11100145
-11098640
-12956560
-16934100
-14764980
-15741445
-15982840
-17771660
0
-19695180
-20333845
-20456540
-21782660
-27200200
-22938480
-23414745
-23566340
-24149460
-29549800
-24503980
-24515045
-24507340
-24178660
-29082300
-23556780
-23115145
-23029640
-21831960
-25945700
-20259780
-19238845
-19008640
-17050060
-20364700
-14941080
-13773445
-13614940
-11252860
-13228800
-8828780
-7594345
-7512640
-5263260
-5966500
-2927080
-1779045
-1666440
354040
529700
2284220
3185655
3128360
4800940
5985500
6267020
6839055
6778160
8110940
10404800
9336020
9809255
9713160
10649140
13597200
11565720
11980255
12123360
12883440
16030800
13558620
13834555
13793760
14250940
17674200
14568420
14658655
14675060
14751940
18161200
14726420
14633755
14708060
14281640
17087900
13670220
13287255
13255860
12523240
14844200
11534620
10962655
10763260
9848740
11971500
8775020
8212155
8018660
7122940
9051100
6274420
5931555
5928060
5343440
6944300
4874120
4750955
4771760
4640040
6246800
4681320
4758755
4844460
5084740
6848500
5496920
5730455
5920060
6256840
7908200
6633620
6884855
7037760
7356440
8950800
7677620
7793455
7670760
7798740
9531600
7923420
7878255
7792060
7725940
9500300
7589720
7449255
7371360
7163140
8956100
6929420
6883255
6895560
6684740
8348900
6451820
6313455
6350460
6081440
7534800
5873620
5726455
5893760
5522940
6414000
4925220
4620055
4619360
3998440
4466700
3216420
2826055
2867060
1950040
1703600
917520
329955
80660
-921160
-1492600
-1892280
-2433045
-2611140
-3440360
-4210100
-4324080
-4725745
-4750940
-5198460
-5867100
-5430080
-5344245
-5332940
-5229460
-5816700
-4850780
-4512845
-4418640
-3840860
-4305500
-3116180
-2748045
-2497040
-1886760
-2398900
-1306780
-1007845
-804640
-460160
-1161700
-280080
-194045
-280940
-380760
-1206800
-706280
-986745
-1084140
-1689760
-2705700
-2097380
-2579445
-2691240
-3565860
-4783300
-4455580
-4834445
-4970940
-5678560
-7067400
-6317180
-6569045
-6716540
-7058060
-8327900
-7164980
-7184845
-7124340
-7079860
-8406300
-6768280
-6639345
-6434140
-6045160
0
-5938180
-5709045
-5617040
-5057160
-6238500
-4467980
-4176645
-4226840
-3731560
-4558900
-3211180
-2978445
-2969040
-2597260
-3243800
-2223280
-2048545
-2057640
-1768860
-2194800
-1531880
-1349145
-1428240
-1162560
-1290900
-842580
-667345
-671440
-405060
-422700
-150780
-40845
-28140
241340
375500
430520
559655
688160
869040
943900
914420
962855
1039060
1045340
1056300
997020
999055
927660
816140
808400
598120
518755
383260
155340
127600
-130880
-291845
-241240
-512860
-684600
-718780
-851745
-958140
-1030260
-1051800
-954680
-891345
-1013040
-724160
-427600
-356680
-162745
-154040
530640
1389200
1432820
1894355
1924460
3073040
4690300
4489220
5190955
5179860
6807840
9469800
8634720
9571155
9664860
11466740
15037900
13306120
14219455
14469760
16157740
20413100
17822720
18566355
18748860
19999740
24653100
21045520
21494955
21538160
22153040
26992600
22375020
22414755
22344160
22174940
26909700
21686120
21349955
21264260
20485740
24854100
19510920
18940555
18656560
17667240
21826600
16590020
16103455
15950660
15020140
18835400
14068020
13596855
13602660
12924840
16490900
12455920
12252455
12355060
11959640
15021700
11608020
11483555
11664160
11448340
14108800
11250120
11083755
11120260
10786740
13135900
10410720
10190955
10149360
9686640
11715500
9110720
8816955
8748860
8135840
9880200
7507720
7214355
7108860
6660940
8448700
6301720
6125855
5920860
5793440
7900500
5776720
5931355
6089860
6353940
8528300
6805320
7070455
7208460
7717240
10008400
8404820
8748355
8952460
9423640
11541600
9771920
9867155
10041060
10002340
11707300
9752920
9542955
9545060
8803340
9806500
7762820
7076255
6906460
5549540
5859300
3953020
3033855
2770160
1123240
859800
-629980
-1498645
-1790340
-3201460
-3750500
-4523780
-5057145
-5128640
-5969760
-6736700
-6547980
-6693445
-6518840
-6684160
-7615400
-6500980
-6276845
-6045840
-5761460
-6914700
-5327080
-5015145
-4745940
-4437860
-5887300
-4189880
-4076745
-4000740
-4037960
-5736400
-4182480
-4333045
-4466840
-4907360
-6835600
-5543780
-5943345
-6195140
-6848460
-8797500
-7573480
-7969245
-8172840
-8694060
-10545000
-9163980
-9366645
-9472340
-9512160
-11069400
-9281280
-9116645
-8973140
-8518760
-9949300
-7883780
-7510745
-7289640
-6500560
-7709500
-5560480
-5041345
-4824340
-4056860
-5250300
-3380580
-3024945
-2968940
-2521460
-3586900
-2213080
-2109745
-2178440
-2234960
-3322100
-2456380
-2591245
-2716740
-3049760
-4132100
-3437880
-3692245
-3907740
-4281260
-5157400
-4604880
-4757045
-4827240
-4996060
-5702700
-4961380
-4890545
-4836240
-4636160
-5235500
-4154280
-3885545
-3813140
-3220660
-3564000
-2465880
-2106145
-1987740
-1285660
-1391800
-565880
-147445
-15240
576540
539500
1092220
1314455
1274860
1655440
1791500
1927820
1988755
1949460
2074640
2281500
1980320
1843655
1762460
1626740
1938800
1376520
1247655
1266160
1033840
1198300
752020
605555
563160
364740
477100
232320
168455
132960
58340
180400
-35780
-62045
-108640
-105160
77100
-76980
-30245
113160
187340
210200
323120
318655
320760
430540
484000
526820
563155
504460
602240
692900
580820
523255
582460
573040
598200
623320
660255
514460
476640
725700
539620
882655
536760
598240
1039000
659920
1035755
1328560
1566640
1690200
1379420
1399655
1778060
2084140
2701200
2056520
2561855
2544160
2829640
3719800
2946220
3218455
3343360
3459240
3703700
3274420
2835855
3161060
3025640
2983800
2414520
1909355
1423160
800640
1259400
570420
410755
14560
-765960
-1096500
-1029280
-1773545
-1913140
-2649960
-3378500
-3211880
-3647445
-3545740
-4106160
-4688100
-4240880
-4335345
-4232240
-4817260
-5814600
-4872680
-4842345
-4729040
-4872160
-6348400
-5305380
-5059145
-5421740
-5440060
-6860700
-6210680
-5783045
-5328540
-5236060
-7733800
-6005680
-6830545
-6446540
-6247460
-8764600
-7668380
-7732445
-8078740
-7330360
-8549400
-7396880
-7030745
-7429740
-6590460
-7366500
-5742180
-5910145
-5200540
-4324860
-5142100
-3062180
-3239945
-3312040
-2523860
-1824200
-843080
421655
-190940
418340
1463100
2524020
2815455
3120660
3115340
3224600
3683620
3410255
3730260
3208240
3327700
3170020
3069755
2732660
2020940
2200800
1497120
1168855
1014760
147140
-231500
-833880
-1443745
-1326740
-2183960
-2857300
-3015980
-3345545
-3502840
-4112960
-4963200
-4575980
-4926445
-4740340
-5143660
-6465900
-5834980
-5970145
-5852840
-6322260
-7957700
-6573680
-6683945
-6612540
-7083860
-9367200
-7623880
-8029745
-8079240
-8692360
-11209100
-9464380
-9692545
-9817740
-10532560
-13241900
-11133280
-11298845
-11535640
-12170660
-15295500
-12722580
-12958345
-12939940
-13270960
-16604000
-13834680
-13747145
-13928540
-13903360
-16875700
-13816480
-13385645
-13367340
-12961760
-16032200
-12764980
-12646145
-12242840
-11635860
-14663500
-11485480
-11251945
-10917840
-10244760
-12858800
-9884480
-9463945
-9616340
-8910760
-10844600
-8274180
-7939545
-8010040
-7472360
-9096900
-6931980
-6814645
-6632840
-6195360
-7522200
-5549180
-5128645
-5433040
-5004060
-5782700
-4101980
-3646445
-4003340
-3471360
-3735800
-2286880
-2119945
-2037240
-1440260
-1472100
-554080
-269245
-145440
597340
1147000
1363920
1919655
2072560
2750840
3495000
3449120
3943555
4073260
5047340
6127800
5410620
5848955
5676260
6411240
7946800
6236320
6420555
6994460
7325540
8153800
6984420
6663855
6593060
6481840
6850200
5566920
4886455
4359560
4058640
4706800
2983220
2082855
2099360
707240
167900
-548080
-2047445
-1562440
-3023060
-4520100
-4005880
-4961245
-5873740
-7088160
-7793900
-7790280
-7881245
-8002640
-8702160
-9357600
-8274480
-8135945
-7784340
-8020860
-9023500
-7047980
-6351945
-6300840
-5477360
-5811300
-3877280
-2793245
-2887640
-1794060
-1668500
-416880
367755
937260
1780640
1495700
2512220
2685255
3049860
3441540
3154700
3297120
3645155
3048760
3193440
3689000
3184020
3021855
2544660
2667740
3846200
2451220
2620855
2675360
3141440
4639800
3516520
3783955
3964160
5199440
7583600
6361920
7418955
7364560
9081040
12272900
11132720
11646555
12219360
13736540
16890500
14931320
15297355
15769460
16559840
19587900
17028720
16974955
16877360
16781740
19907000
16254320
16042255
15365960
14400840
17612000
13807620
12922155
12521260
11181840
13930400
10081720
9311255
9252860
8273240
10630000
7335920
7111555
7083560
6635840
8993900
6363420
6654155
6635560
6687240
9076900
7529020
7717255
8090160
8238340
10008700
8473420
8257555
9052560
8998740
10627400
8526020
9077355
9055160
8527740
10358000
8268120
8559655
7889260
7124140
9161800
6944820
6733355
6717960
5837840
7029900
4977820
4496155
4580460
4104140
5127500
3292520
3820655
3130660
3240940
4360100
3416420
3269955
3090560
3716840
4743200
3818420
3582955
4362560
5144340
5726000
5011720
4631755
5248860
5908840
7075700
5636720
6297755
6087360
6373940
8117500
6962220
7020955
6858360
6594040
8176400
6500420
6224755
6413060
5556240
6609800
5180720
4692655
4488360
3334540
4099600
2797420
2705055
1900060
1131440
1791800
1074620
484755
324260
-47660
134600
-697180
-1318245
-756040
-561260
-289300
-461580
-238845
-124440
757440
1417700
1457720
1827855
1768360
2989640
4436300
3971820
4599355
4925960
5697440
7051100
6587920
7024555
7224060
7580840
8790100
7949920
8262455
7986560
7786440
9379700
7642320
7533455
7437960
6498940
8123600
5950620
6058055
6220760
5175240
5924600
4362520
4159655
3912660
3212540
4202100
2271620
2361155
2346260
1901140
2955700
1802320
1669555
1950960
1719340
1850800
1420020
1008855
1160160
1323840
1297900
1091620
898955
647760
711440
875500
567320
618455
256960
-46760
-269000
75620
-578145
-494740
-1021060
-1832700
-1673180
-2001445
-2136040
-2598360
-3281100
-3438280
-3268645
-3200640
-3494960
-4682400
-4551880
-4820545
-4342740
-4505260
-6312300
-5643480
-6298445
-5964340
-5746960
-7717100
-6628980
-6972845
-7273840
-6724760
-8712600
-7276080
-8036145
-8098440
-7618960
-9710100
-7732280
-8485145
-8692140
-8414460
-10141000
-7537580
-8037645
-8625440
-8336960
-9304500
-6703380
-6793745
-6723740
-6576860
-7269200
-5123280
-4898345
-4522140
-4620760
-4691900
-2974980
-1837845
-1705840
-1793860
-1406600
-33780
1138455
1039360
929940
1639500
2160520
3245055
3388660
3083040
3576500
3345620
3996355
4004260
3607340
4115100
3336320
4104055
3916460
3632640
3933400
3019720
3047855
2978860
3027840
3559700
1999220
2207755
2274860
2661040
3392700
1825420
1915555
2209060
3018040
3803900
2855920
2863555
3219060
4185340
4767400
4044520
3854355
3804660
4624240
5608700
4583420
4654555
4303560
4509840
5354300
4811920
3984255
4188060
3722340
3938200
3326620
2698855
2655260
1844740
1999400
1092320
983255
290960
-359760
315000
-770980
-790145
-865840
-1025660
-582900
-865880
-1001745
-522240
-127260
-203200
84920
96955
207060
1190340
1523000
1711620
1907255
1575260
2598840
3508200
3458020
3266355
3752160
4272040
4755900
4732320
4339855
4605960
4231840
4663700
4134720
3955755
3669860
2810540
3434000
2142520
2421955
1808660
564140
777600
-232280
-705245
-212640
-1602460
-2721900
-3034180
-3540745
-3539540
-4790360
-6577100
-6176880
-6590545
-6958240
-7677660
-10054900
-9221580
-9821945
-9829940
-10578260
-13842500
-11823580
-13135645
-12220940
-13139560
-17622200
-13572580
-14520945
-14629940
-15683460
-20155700
-16934280
-17288145
-18016140
-18976460
-23245400
-19346680
-19786945
-19912040
-21036960
-26015600
-20801480
-21693245
-21435340
-22143160
-27180800
-21697780
-21441245
-22114140
-22100760
0
-22236880
-21306245
-21358240
-20420660
-24601500
-18896880
-18136845
-17651240
-16109160
-19545200
-14375080
-13497045
-13092940
-10864360
-12643900
-9258580
-7285145
-7197940
-4559260
-5185200
-2700680
-894145
-907540
1919140
2684500
4449720
5255755
5248360
7710940
10125600
9849720
10403255
10736860
12531440
15475300
13531020
14305955
14462160
15465240
18384200
16094020
16088655
15895660
15712240
18665700
15668520
14740355
14772160
13026940
15045000
11352120
10285355
10177760
7063840
7057700
4142920
2591255
2533560
-1709860
-4501500
-5759180
-8181445
-8359040
-13524460
-18905500
-18373280
-20805345
-21295640
-26639760
-34671400
-31780480
-34013045
-34291840
-38934260
-49462000
-43755080
-45378945
-45563440
-48805260
-60664200
-51946480
-52802745
-53146840
-54062360
-65477000
-54511980
-53988245
-54152840
-52060960
-61846000
-49696980
-47851545
-47630340
-42307660
-48597500
-36756680
-33264245
-33073040
-24629760
-25414900
-15450080
-10621045
-10369440
557740
6301200
12081920
18127155
18568560
30706940
42902700
43118320
49228255
50122960
61499140
78957800
72507020
77446255
78651160
87083640
107645900
94510720
97484655
98323360
101912040
122464100
103437920
103434055
103681060
101152140
118682000
96040420
92442955
92190560
83220740
94976200
71807420
65112455
63972560
49750040
53831900
33824420
25275155
24017060
6357340
764400
-11881780
-21530345
-22486140
-40874360
-56131800
-58897380
-68001545
-69220740
-85847960
-108875900
-101455880
-108327245
-108777740
-121354360
-150353600
-131442180
-135432445
-136118540
-142167660
-172884800
-144953880
-145037545
-146305240
-143159160
-168937100
-137267280
-132796545
-132994640
-120612460
-136550900
-105105380
-95795745
-94209240
-73359960
-77133700
-49259480
-36262645
-34592840
-7925860
1816000
19608820
33914655
37072960
63959140
84785200
89580220
101380555
104758860
125336640
153263500
143768520
151432855
151930660
163050940
194857200
170864920
173134355
170989060
172167140
205233000
169538320
166317955
163942460
157078740
189658400
148036320
142403355
140072960
129587040
160619000
119147820
114155655
112749460
102862240
129948300
93233820
89086955
90700960
81372440
100314700
71782620
66765755
70708260
58221440
63805200
44547620
37270755
39717260
21296440
9744100
556220
-11416045
-11980640
-38667160
-68039800
-67704080
-84470545
-88279440
-120956460
-163892000
-152777180
-168505245
-175462540
-205282260
-256749900
-232382180
-242874745
-247833040
-263244160
-313874200
-272431980
-274325545
-275515340
-269916660
-307607400
-254909780
-243208845
-242105140
-211799260
-228711400
-174786380
-149881045
-143685240
-95158360
-93799700
-45858680
-19055445
-7556040
43814740
60443900
93304420
115081755
121550060
160207640
188033400
192064920
205065455
204163060
221453340
252250400
227487420
226833155
223199060
216576440
244074500
201861420
188825555
181854560
159604040
186436000
135666020
120985455
111649160
89031240
118884100
69315120
61323755
56987760
46070240
78621400
42158020
42515855
46544160
50349340
83684500
61752520
69571955
77660160
90438040
120957500
106241720
115419855
123625360
132267840
151603600
136923920
137500755
143203560
133406040
132204800
114306420
100617855
99964060
66164940
40311800
22770720
-3491945
-11855140
-64324460
-111510900
-121249780
-152912245
-166215140
-221388860
-280025900
-273648280
-296301845
-306752140
-344107160
-407410000
-372764480
-380541645
-381181840
-384291960
-439429000
-373419480
-361903345
-357449840
-323394860
-353880400
-275850180
-245280645
-238210540
-174628460
-176599200
-106795680
-66769345
-51880040
19396240
32622400
85806320
115505855
129917460
184153740
209410200
231070620
246756255
244432760
266505440
300081400
277101020
276328755
266690660
255532640
283383300
230861020
213482555
206398660
171037340
188447100
131960520
107468955
96278660
59052340
79434100
27328120
13791755
3118260
-14065360
15377100
-23339880
-22194545
-18586740
-8808160
27154400
10217820
24882655
38363960
67500840
107523200
104354920
125114255
136833560
168785140
207499700
198528420
213464855
222217560
234703340
258246400
236225320
