0
0
0
0
0
0
0
0
0
0
0
0
0
0
0
0
0
0
0
0
0
0
0
0
0
0
0
0
0
0
0
0
0
0
0
0
0
0
0
0
0
0
0
0
0
0
0
0
165690500
172910400
131223755
128119360
132802000
121278600
118188400
76983955
72065460
65854900
50692300
36860600
7839255
3267860
-9592100
-23860500
-44345800
-53980245
-54272840
-74359900
-85183900
-103945000
-94767445
-91546740
-120645200
-127218600
-136976800
-113750945
-111368640
-145078700
-148302500
-150941500
-123636545
-124444840
-160166900
-163205300
-166090400
-135960545
-133959140
-173102900
-174548700
-173213700
-139198645
-144150540
-173790200
-171271100
-170907000
-135442145
-140049640
-148062400
-139534500
-142543000
-104360545
-102516540
-97144000
-84267000
-80828600
-47011045
-39783540
-23929500
-7098900
8935100
30886455
34372060
57141100
70796500
89725300
88764555
92065360
111922200
118241400
134955100
115936855
116713860
124433200
121720900
133339500
99408655
92987760
98331100
90728600
88588200
58480055
51398160
60148000
53056500
40891000
20856055
14993860
34456200
33569600
18705100
13793155
17880260
46786700
53932800
49676800
51577055
56509960
92626000
103976800
111141100
106800555
114513260
150448000
160441500
176497400
155844855
159318860
183953000
185177000
200404800
160592955
160396660
170901900
162550600
168254300
121678255
115561660
111047000
94584200
85535200
43372755
36551160
23890300
6268900
-15118000
-36132445
-39590040
-60464900
-75548600
-100021200
-98968345
-97470440
-124914200
-134122600
-152221200
-128274545
-123995640
-157769000
-161179800
-166719600
-135170745
-134120740
-169225100
-170332400
-171612400
-138159645
-134885340
-173689500
-174268000
-171451700
-135086545
-138720540
-173891100
-172599300
-169270900
-134856345
-140748240
-156435800
-149392800
-149874900
-114233245
-115061340
-114510500
-103757300
-103751100
-70171545
-65249640
-49690100
-33687600
-24403600
6271055
10548560
33764200
49405300
67491500
73075655
78373060
102195300
112558600
131898400
118721255
123370960
133512200
133162900
149534800
117011855
110251260
115307600
107754800
109586100
76728455
69296660
72464900
62910500
53514200
25267255
17309060
28907400
23761700
6306800
-3328545
-1386540
20934600
24235000
13040400
17531055
20333860
52195100
62425200
63154700
67857655
77186960
111318200
123542400
138281700
128549355
133818360
159241800
164296400
182086900
152122855
154465460
167241600
162914800
174436500
132261155
125987660
123682400
109257800
105177000
61535455
55023060
43132500
25557500
7561600
-18845945
-24266240
-45241400
-61984100
-86793200
-92097545
-91486440
-118143300
-129253000
-150963300
-131267745
-126808440
-164178000
-170456600
-179891300
-147616445
-145089640
-185546700
-187642400
-189143600
-151992845
-152401440
-195632000
-197800400
-198373000
-160712645
-160102840
-204022500
-204339900
-202019100
-161860445
-167040840
-198514900
-194298600
-193451300
-151495345
-155869540
-162895000
-152088900
-154114000
-110517245
-109107340
-98658700
-82649400
-77898400
-39491845
-30240640
-10171400
9000300
28754900
48625355
53218960
78974300
93671400
116186500
112326655
116273760
136564300
141896700
161144100
134939655
132081860
140396600
135323600
144439200
105322055
99989160
102846600
92941300
89086100
54123655
45019660
52228100
43310800
27035100
7894555
3345460
23098700
22373100
5299700
4581755
7256360
36421000
44012100
38449800
43166455
51781460
86786800
99429500
109155400
107494355
115369060
146203100
155205800
173550800
151649355
154796760
174587600
174398200
189449900
150993155
148912160
150378200
138728100
142284900
95108955
88156560
75780300
57544600
45173000
9002355
1993160
-18909600
-37710400
-61794700
-75558245
-80025440
-102851200
-115795000
-142246700
-128043145
-125693940
-151418200
-156615900
-172984800
-141731945
-135721940
-165857500
-165270000
-167445800
-128928445
-123859440
-157362500
-155484000
-149345400
-114898445
-116074040
-152283200
-152928000
-148449900
-119211045
-119100640
-159859100
-162225900
-158564700
-131868945
-137657640
-171817500
-172686600
-174846800
-142984145
-148147840
-163251900
-158101800
-164439600
-125874045
-127351240
-124784700
-112748700
-114083700
-74513445
-66642540
-50057300
-31445700
-17552000
11728255
16307860
44670900
62952600
83730200
91742755
96884760
128139900
140569200
162598100
146001455
147003160
169046800
171201600
188165900
150097755
147873260
162427200
156557100
161901400
117933155
110160560
121257000
110546100
100531000
63933555
58116460
71168200
63105700
46498100
26406855
25289460
41310500
39364100
27008100
19650355
23020960
46158100
51123200
47731800
47802655
52451760
78393200
85697700
91462900
85415055
90267060
112803000
118007800
129517700
110996655
113834860
125570400
123892100
133869100
103408355
101478060
102611800
93869400
94397600
62484655
56881760
48654100
35416300
24613500
489955
-3936440
-18501800
-31071900
-47896300
-55429945
-57168940
-74267800
-82632500
-98952700
-88794645
-87885740
-104381000
-107198000
-118018900
-95173545
-91580340
-110047200
-109304900
-111375500
-85443745
-81385540
-104016500
-102708000
-98113700
-75867845
-74389540
-102681200
-104291000
-99955100
-82121045
-83231440
-116770400
-120990200
-119963600
-101499545
-106190340
-138968600
-143013300
-146862100
-124718545
-129606740
-152271800
-152081300
-159670400
-128659245
-129337240
-139408700
-132850200
-136531300
-99958145
-97621440
-91465800
-77643200
-72062000
-37426445
-33535540
-13285000
3730800
18102500
37230855
42499260
69677600
84791600
104740800
103712055
107590860
132840300
141040200
160691100
137379955
135955060
157518300
157470000
167702000
131924155
128324360
142396800
135333900
134608700
95371455
90842660
100055700
90874400
81554200
51661655
48332360
57362200
50386400
37444200
20562455
19057960
32393800
30722300
19916200
15680655
18502560
34447000
37569700
35143900
34206755
37906960
56112300
61870100
67326800
63555255
66417160
84568800
89129500
97943600
83988955
84493360
100038100
100745100
106890400
85825055
85750160
94533200
90686200
92583100
67643355
64770560
68604200
62035900
57584200
36447255
34208260
33965900
26636700
17671500
3728355
2531860
-1673800
-8019900
-18082500
-21826345
-20212740
-29751600
-34531000
-41461800
-38041845
-36905940
-51869400
-55660100
-59434400
-50458045
-49351740
-69362100
-72966100
-74678300
-64281445
-65413040
-89377700
-93636000
-96851900
-83008845
-82833340
-109696700
-113200200
-116016700
-97054145
-100427640
-122982900
-123600200
-127091000
-102550945
-104561940
-115798100
-111502200
-114121400
-86481945
-86350340
-85889000
-76969800
-75240400
-47517945
-43571540
-31624500
-18612500
-8554300
11018155
12954160
34709200
47607200
61123900
65585855
69901160
93338900
102252000
117166100
104623155
106101960
123033700
124652300
136123100
109932855
108898460
118413900
113641800
117598700
85831955
80807460
83693700
74432900
68193600
40348455
36613660
37165100
28558800
16488200
1334455
-1716240
691500
-3861200
-16257500
-18230045
-17331140
-8929200
-7138900
-13681000
-6874845
-4071740
9189300
15215700
16827400
23465455
27740760
44367700
52076200
61158500
60228555
62067660
79032800
84279100
94778400
82012755
82556760
97542700
98654400
105759800
84789755
83033560
93556700
90333900
91667000
67624955
65095660
73199300
68212300
63846800
43107855
40829260
46552600
41090400
32642300
18757755
19502060
21197200
16741700
9351500
2982955
4672260
-453900
-4760300
-9180300
-11421145
-9479240
-21899700
-26405600
-28354700
-27222445
-27540440
-47645000
-53985900
-57208000
-54153045
-55520340
-81013800
-87833800
-93446700
-83149845
-85106840
-113397200
-118835600
-125058200
-107661745
-111024740
-131427600
-131542900
-137955500
-110442445
-111788140
-120401900
-115022600
-118770400
-88281945
-86108340
-82811600
-72146200
-68855800
-38821945
-33103340
-24685900
-12766600
56300
15942855
19350460
30332600
39396600
54391600
55825455
58396560
62824100
64523600
76840400
61951255
59506260
56149700
51082000
54768000
35540855
31992260
21492900
12343400
7278600
-9143645
-15336340
-24605400
-32501600
-45599200
-47008045
-49480940
-53522200
-55923600
-68027500
-57233645
-56972040
-51670400
-46811500
-52187800
-33206645
-28205740
-15494000
-5709100
-263300
14754455
19103760
36457100
47038800
60152900
63539155
66602060
84916800
92421200
107725000
94860155
93751760
111869800
114162300
123664000
99528855
96937060
113979800
111852000
113185100
85558555
82607860
98402400
94362200
89519300
64915155
63650160
78496800
74872600
67689200
49087355
50477560
61109800
57800600
52013900
38384755
41118660
43000400
38505800
35335800
24481955
26776160
15076400
7660100
6171000
-3366045
-3932440
-27976400
-38156700
-42082000
-47631845
-51321040
-83837800
-95944500
-106693600
-101967945
-105296440
-141403600
-151346600
-165404900
-143752845
-147077740
-179708200
-183230200
-194529400
-159628645
-160249840
-179792700
-174758400
-180614700
-137605645
-134651140
-142820400
-132355000
-129946400
-87592545
-81192140
-82228100
-68917600
-55153500
-24154845
-21611440
-19206800
-8596800
8651900
19304155
21988160
22324300
26536000
40231600
35335255
33896060
26466400
22929000
28383500
16432055
12336560
1385400
-5319100
-8570300
-17425745
-23923340
-33045800
-38987900
-49496200
-49457245
-51118140
-53676900
-54317200
-64162100
-52021045
-51257940
-44113000
-38256800
-41647700
-23381345
-20082740
-2412700
8713000
14760600
28216855
32986760
55703000
67272600
81064600
80583755
84145960
107440900
115372000
131095500
114798655
114665060
135846800
137767100
148277100
118977455
115928060
133774700
130383300
132093600
98872655
96015360
110292400
104207800
98701300
69213155
66154060
79155500
73221800
62963700
42693455
43793860
52461500
47868400
39456000
26367155
29009460
30319100
26070100
21291200
13393655
16542760
5881100
-716600
-3343900
-9505245
-8744440
-34217700
-44174000
-47342000
-49594045
-51565740
-90048400
-102790100
-110222900
-106294045
-111242140
-155004900
-167383800
-181840000
-161300845
-164583840
-208942100
-216661100
-231127200
-194236745
-196930840
-229848800
-227939000
-237276600
-185919345
-185260040
-201024300
-190236300
-191271700
-138096145
-133451840
-133035300
-115953300
-105761300
-59257745
-52348040
-44290500
-26952100
-5725500
18243355
21969260
34388700
46821000
68749100
70405255
71214760
78561600
81363100
96475300
77969855
75118560
75406800
70392000
74537800
50486555
45302260
40285100
31370500
25134700
5415655
-203540
-1379900
-7637800
-20574900
-25369345
-28572440
-20465300
-20145000
-31823100
-24195545
-22142140
-2404800
6039200
3969100
16514955
21680460
51090700
64273900
73784200
77937255
83606260
117455700
129613400
145992700
133394755
137223560
167182500
173009300
189572900
158790055
158205660
179528900
176919400
186125900
142640455
138716360
151005100
141312600
138220900
94954755
90306260
94067700
81232800
68238900
36534155
33074960
32436500
21569700
4689500
-10131245
-10939040
-14581700
-21703700
-36885700
-37098345
-33233640
-43607500
-47850700
-55761500
-46874545
-42495640
-63649800
-67711600
-68294500
-57385245
-55829240
-86910200
-93001800
-92675800
-81741645
-84061340
-124258500
-133442900
-138090000
-122541945
-125849840
-170618400
-179230800
-187443600
-161617745
-167190640
-204982500
-208087700
-218309600
-179670645
-182353240
-202685900
-196908900
-204738400
-156019545
-154430440
-156445100
-142211300
-140498200
-90920045
-83804640
-71422200
-51550000
-34837200
-271045
5110860
27550000
46112600
69989100
79911855
84529360
107832300
118887500
141853100
126348655
125517460
142724100
143723300
157787600
124870855
120778260
131467000
125108400
127108400
89349755
83010760
91465400
82409100
72528400
43425855
38797160
51001300
45305600
30686400
17353055
16516560
35573300
36664400
26841700
24650855
27660260
54923300
62628200
62880600
62554455
68320760
99662100
109449800
119419100
109914555
113950460
145109600
152173000
165642000
142622755
144051460
168674300
169311100
180094700
143154655
141293460
157437300
151282000
153292000
112046655
108372060
115496900
104402000
96217700
60776555
57213260
56961300
44934500
30180300
8573355
6988860
-69000
-10015200
-24954000
-31905345
-30460440
-43462000
-50313700
-61223800
-56114945
-54309540
-73235900
-78137500
-84691200
-71308345
-69127140
-95433500
-99699600
-101827500
-85697045
-86012740
-117696900
-122278600
-124176100
-105173245
-106360740
-140440400
-144775900
-148297900
-124929645
-127771340
-159490600
-161981800
-167703200
-137347345
-138700440
-164335500
-162799800
-166808400
-131000645
-130933740
-147373200
-141030100
-140376000
-103581645
-101655540
-107120500
-96819300
-90375600
-58022145
-55627140
-51437200
-39708600
-28439100
-6844645
-5009840
6557800
17415200
31069200
38452055
39706560
55290100
63049200
75721800
68735055
68244060
86214800
90150500
98250100
82261955
80947360
99707200
100586700
103939200
82835055
80777660
100339300
99852800
99346500
77820855
77357860
97858000
97606500
96089600
75979255
75428560
98006000
98651500
97026600
78768955
79732360
103779600
105404400
105679900
87373655
88264860
112074800
113664000
115793600
94764755
96135460
118445500
118941700
121408600
97502555
97843860
116129900
114103200
114730800
89023555
88880460
101085200
96619400
94983200
70049455
69293060
74157600
67647300
63387400
41669155
40356260
39491800
32250900
24958500
10729755
9587260
3485900
-3439500
-11819500
-17929145
-18380940
-28282500
-33555600
-40971900
-38745645
-38342640
-50310100
-53433200
-58565400
-50031045
-50021340
-61877800
-63134900
-66568800
-54051945
-53051240
-65979400
-66366000
-67373800
-53611645
-52494840
-67061800
-67122700
-66154300
-52672845
-52697440
-67830700
-68219700
-67543300
-54764445
-55187640
-71154600
-72268000
-72901500
-59905645
-60377040
-77676600
-79010400
-80117900
-65768145
-66166040
-83177800
-83803400
-84892000
-69038745
-69932240
-84359100
-83835800
-85152600
-67139145
-67136240
-77873800
-75456500
-75001900
-56386545
-56643040
-61794000
-57322000
-54806300
-38109845
-37241140
-35702800
-29628000
-25024300
-12256945
-11578240
-3924900
2687800
8783900
15636855
16775060
28872800
34972500
42043300
41149155
41865060
55860400
60125200
66700100
58383455
58889060
72820100
74847800
80044900
65842355
64874260
78634700
78673800
80760500
63795455
62545060
76141400
75034300
74202000
57106055
56156460
69891900
68760400
66582900
51702355
51489960
65882200
65647100
63913000
50753955
51092060
66608900
67263600
66443900
54499055
55424560
70723200
71541800
72218100
59333055
60364660
73699800
73805000
75475900
60883555
61432060
71869900
70616000
71818100
55648855
54874760
62325400
59484300
58252200
42469955
41901060
45740300
41790900
38446200
25382655
24640360
24591200
20153900
15388800
6590455
6625460
3021200
-1148200
-5995300
-9623945
-9888040
-16796200
-20385900
-24809200
-23937445
-23554240
-33551700
-36615900
-39977500
-35621645
-35322740
-48605900
-51552800
-54434100
-46900545
-46640540
-62663100
-65194100
-67352400
-56602945
-57465840
-74524200
-76510500
-78873700
-65889745
-66461040
-83403200
-84699500
-87322900
-71547845
-71098140
-88108200
-88476300
-90013400
-72007045
-72206440
-87396200
-86470900
-86848300
-67836145
-67430540
-81176000
-79701000
-78795500
-61158145
-60314940
-73415500
-71784200
-69694000
-53458645
-52959040
-65185400
-63677400
-61109100
-46921945
-47911340
-57644900
-56080400
-54411200
-41700245
-42277040
-49508300
-47702000
-46270200
-35328745
-35617940
-38610200
-35651900
-33977400
-23474145
-23927340
-20689800
-16167400
-13692800
-5158845
-5163240
5240900
11392300
15553800
20274955
21362460
37995600
44927200
51141600
49548655
50825260
72682500
79398700
86760300
78022555
78766460
103236800
108159100
115140300
97791355
98475560
122340200
124434700
129789500
105863355
106151960
126110100
124795400
127257600
98907155
97966860
113139900
108902700
107148300
79951555
79003360
87552700
81283700
76553000
52687555
51321160
54663900
47992100
40898400
24256255
23620860
22262800
16153500
8474100
-742645
-937940
-5898900
-10694400
-17524800
-19052045
-18285240
-26494600
-29719300
-34032300
-30747745
-30578640
-40395300
-42501100
-45338700
-38213845
-37843640
-48886700
-50059700
-51508200
-42252745
-42465640
-53732200
-54424800
-55331800
-44923545
-45130440
-55658100
-55622300
-56241200
-45065345
-44598940
-55351300
-55348800
-55442100
-44167045
-43653640
-54376600
-54068400
-53721700
-42252845
-42315440
-53894600
-54252500
-54100600
-43549545
-43376640
-56515800
-57178300
-57120600
-46540745
-46859840
-61895600
-63362000
-63828700
-53362345
-54075240
-68702600
-69556800
-70968900
-58023445
-59176940
-71789500
-71742000
-73374000
-58781645
-58939040
-67503500
-65489800
-65726900
-49995945
-49548440
-52848600
-48846400
-47026100
-32238245
-30929040
-28855400
-23226200
-18784400
-6966245
-6561440
335000
6016200
11951100
17481155
18112060
27625300
32443500
39145200
36699955
37246560
47768000
50749800
56055800
47347155
47357460
57492700
58223500
61143900
49249455
48110460
57742400
56910900
57252600
44091655
43349560
52226400
50855600
49418100
36681155
36701360
44873900
43472900
41165500
31318955
31546960
38722900
37731400
36211900
28754855
28526160
35509200
35183400
34508300
27681255
27757660
34629900
34652800
34468800
27484455
27608860
34422400
34452600
34567800
27855755
28184260
34733300
34781200
35200600
27947755
27465860
35501000
35794100
35449800
28681455
28447160
36930000
37227200
36985000
29521055
30429060
38356900
38616400
38980700
31770355
32029960
39133700
39017700
39510100
31691055
31302960
37426200
36544100
36339600
28295355
28658960
31320600
29509600
29180900
20764155
20907960
20893700
18463700
17097800
10538455
9286360
8202700
5656400
2944800
-1004645
-1503640
-3923600
-6103000
-9278400
-10358845
-10109640
-12944700
-14084800
-16675400
-14451445
-14364740
-17045800
-17356400
-18744000
-15213345
-14541340
-17219800
-16915900
-16861000
-12349545
-12063340
-15338600
-15058800
-14293500
-10760045
-10656140
-13913700
-13723400
-12873600
-10531245
-10634640
-14327200
-14595000
-14226300
-12208645
-12568340
-16171900
-16581300
-17127200
-14125945
-14606340
-18179200
-18498800
-19511400
-16418445
-16185840
-20001600
-20263600
-21041000
-17206045
-16883740
-21368300
-21486600
-21512900
-16644545
-16756840
-21396000
-21414500
-21303100
-16725045
-16970540
-20901300
-20655200
-20350000
-16019345
-16199340
-18697000
-18014900
-17480300
-13304145
-13559640
-12939300
-11112500
-10367700
-5963845
-5894040
-1853700
745000
2226800
4787355
5114860
13427300
17160300
19731000
20845555
21141560
32959400
37095100
40772800
38057555
38457260
53057800
56829000
61145300
53426455
54118460
69740300
72232700
76191200
63882155
64034860
79758600
81052900
83844600
68546155
68042360
82625100
82090000
83310800
65303755
65281360
77599100
75882700
75493200
57256655
57090860
67206600
64873000
62673800
47003355
46014360
54547200
52009900
48685700
35858455
35894660
41800500
39242900
36344500
25780755
26401760
29323700
27004400
24581000
16763755
16968660
17496800
15042700
12678400
8179355
7792460
5431100
2729200
728200
-2434345
-2306340
-7516900
-10081800
-12033400
-13176445
-13425940
-20545600
-22983300
-25726700
-23700545
-24113040
-32634500
-34875200
-37939700
-32814045
-32638140
-43180800
-45124500
-47532000
-40525945
-40366340
-52384600
-53903200
-55767000
-46159245
-45847640
-59433300
-60807000
-61890200
-51160845
-51438540
-64909800
-65858400
-66951200
-54130345
-54389240
-67440300
-67387200
-67688000
-54237045
-54932840
-64733100
-63193100
-63178300
-48727745
-49046340
-54152700
-51042300
-50183100
-36050645
-35774640
-35754500
-31024600
-28109300
-16484345
-15984840
-10425800
-4787700
-257500
6898455
7937160
18237500
23824100
29634700
31141455
31937060
45061900
49754000
56270100
50614155
50730260
66066800
69371700
74647900
62997655
62943860
79067100
80562600
83759200
68431755
67983960
83787000
83907300
85181600
67551355
66937960
81510300
80543600
80077300
62024555
62271660
74751500
72945300
71419400
54955055
54653360
64570100
62145300
59836000
45027755
45218760
51626900
48754100
46363500
33311355
33885660
35725300
32227400
29781900
19765155
19347360
17902600
13999500
10574800
4154855
3169660
-1636100
-5454600
-9703300
-12694345
-12251340
-20624000
-24063300
-27444500
-26262845
-27087740
-36607900
-39381400
-43454200
-37573745
-37923540
-47881300
-49389900
-52639700
-43507645
-42961240
-54062100
-54616900
-55850800
-45584745
-45262940
-55136800
-54963900
-55438600
-43199645
-42899640
-52660300
-52128300
-51706400
-40219545
-39848440
-48982500
-47943600
-46472000
-35714945
-35842940
-44090500
-43288600
-41904900
-32554945
-33272640
-38750500
-37476300
-36896500
-27331045
-27103840
-31630400
-29836800
-27986300
-21160545
-21130640
-21427200
-18863600
-17395400
-10727845
-11138840
-8005300
-5210200
-3808800
1141955
1879460
7167400
10463200
13747000
15185255
15548760
22410600
25234700
28944300
26091455
26471260
35352900
37276000
39829500
34513755
34148860
42774700
43600800
45435200
36983155
37744960
45121200
45001200
46638100
35838555
35485660
41883600
40580300
39956200
30508555
30223460
34695800
32601800
30630000
22317255
21838360
22807200
20208500
17998000
10947455
11599660
8481600
5210000
3009900
-2065745
-2765040
-9123700
-12908400
-16693700
-17444745
-17371740
-27963900
-31677800
-35211700
-33280545
-33960340
-46877400
-50053400
-53657200
-47279345
-47806140
-61357500
-63617900
-67223500
-56382545
-56676240
-69502500
-69929400
-72553500
-57802945
-57836140
-68055800
-66699000
-67267200
-51467045
-51566940
-57377100
-54414900
-53077500
-38415345
-36697240
-39912800
-36139300
-32560600
-21307445
-19986340
-20312700
-16571800
-11863100
-4378345
-4984840
-3254400
-726000
3351200
5275455
5863360
7618000
9183300
12469400
11132855
10223760
11821200
12100800
13087900
10289655
9481560
11386700
11000600
10876200
7936355
7246260
9205700
8889700
7863600
5311955
5804460
8319700
8720200
8084300
6986055
6991460
10257500
10814900
10872700
9836755
10425960
14171600
14881100
15941000
14004055
14086160
18261200
18958300
19641100
16933055
17084460
20709500
20887700
21781800
17678855
17763360
20495500
19748800
19942400
14931855
15010560
16025200
14740100
14066200
8967155
9174460
7724500
5717500
4088600
286355
312160
-4511500
-7331400
-9225200
-10910245
-11269540
-19560400
-22971600
-25862400
-25090645
-25558640
-37028100
-40358500
-43804900
-38854145
-39438940
-53361900
-56379800
-59655700
-51306145
-51806440
-66308600
-68183300
-71080000
-58653045
-59047640
-72149500
-72475000
-74855700
-59871645
-59893440
-70306200
-68620900
-68781600
-52843645
-51805540
-58759600
-55603900
-53515700
-38595045
-38447040
-40362300
-36163000
-33192300
-20269945
-20185740
-18040900
-13530300
-9227200
-1952845
-1031440
3741300
8041100
13648000
15543855
16568360
23222200
26308300
31093600
28462555
27503060
36708400
38696900
41218700
35936655
35216260
44134000
44927500
46708100
37302055
37867260
46190500
46346500
47505400
37346155
37324060
45599100
45165900
44953200
35421555
34151660
44117700
43842100
42307500
34320055
33709060
43277600
43374000
42761200
33706855
35699860
44417200
44876700
46000900
36419055
36666260
46053800
46179300
46277600
38024355
38187760
45914900
45310600
45249700
35989055
35667660
39724000
37867200
37344900
27665755
28280260
26931800
23316600
22123800
12516055
11793760
6132600
1252900
-2810200
-7797245
-8750540
-19458600
-24902500
-30326100
-30874145
-31785340
-46151400
-51075900
-56534900
-51830845
-51846640
-67737800
-71234800
-76372400
-65481645
-65237340
-80899300
-82173900
-85926900
-69572145
-69919940
-83566700
-82918100
-84463200
-65879645
-65208740
-76691000
-74433300
-73146200
-55654045
-54943140
-63619200
-60320600
-57513800
-41647445
-41184740
-46919800
-43408500
-39524000
-27055245
-27647740
-29368100
-25970900
-22347800
-13637545
-13893240
-12072000
-8611500
-5350600
-460045
-183040
4630900
7877100
11144700
12740355
13072560
20885900
23660300
26651600
25216655
25332160
34906900
37412700
40408900
35057355
35578660
45601800
47296900
50163200
41822955
42113460
51863000
52432300
54508500
44133355
43338060
53338100
53175000
53489600
42742055
41776060
51587100
51236000
50633800
39251155
39510160
48692000
48123000
47502600
36688055
36933060
46382800
45861500
44658300
35571355
35368460
44095300
43605500
42608600
33920155
35062260
40917300
40038200
40489500
30390455
30981960
34230600
32243200
31774000
23040855
22587060
22480500
19406800
17161900
10563455
9497360
5034100
1105000
-2060000
-6641245
-6901340
-15016900
-18984500
-22442700
-23884745
-24365840
-33950900
-37255400
-41742900
-37371945
-37990340
-47584900
-49376600
-53457900
-43996345
-44076540
-52935800
-52998700
-54876000
-44010445
-43228240
-50195500
-48621700
-48490300
-36506145
-35084040
-41333000
-39306300
-37121100
-26487745
-26755840
-30801000
-28724600
-26448800
-17502045
-17573640
-21292000
-19868700
-17246400
-12492945
-12486040
-15375100
-14561900
-12811300
-9563945
-9670740
-12197600
-11950000
-11405200
-9519945
-9652340
-11422300
-11258300
-11500800
-9116845
-9148140
-11238300
-11326900
-11587000
-9454645
-9490240
-11968900
-12071200
-12370700
-10000645
-9840740
-13626700
-14051300
-14085600
-11959245
-11771640
-16493800
-17159300
-16986800
-14391845
-15054440
-18853800
-19120000
-19591400
-15461945
-16622440
-17831700
-16923200
-17276400
-12728345
-13085740
-9749800
-7188600
-6587100
-2059645
-1894740
7796400
12520000
14791600
18183855
18878760
35304300
41748000
46549200
45362355
46447760
69092900
76075600
82715700
74923555
76200360
102406700
108275700
115583500
99590655
100677660
126934800
130308400
136809300
113142955
113629460
136239800
135860500
139824600
110622255
110089760
126868400
122731700
122291600
91666355
90345160
99511700
92190900
86974400
59502155
58987060
58366500
49135200
41159900
20345255
19798360
9974200
-49700
-10327300
-20688245
-21307140
-40275100
-50255400
-61279400
-60594145
-60872340
-88696000
-97873300
-107875300
-97014545
-96852940
-132613800
-140546900
-148856400
-128872045
-128881040
-168860000
-174951100
-182203600
-151930145
-153737040
-193042400
-195936000
-201478900
-163688345
-165135240
-198226200
-196294900
-198792200
-157110545
-157146040
-178919500
-171863000
-170675200
-126727645
-126094140
-133322200
-121499800
-115229000
-75425645
-73911040
-66982000
-52149200
-39990300
-12622645
-9206840
8306900
23070000
39507900
49737955
52381060
76347800
87833800
104430200
97598055
98177960
124442700
130956300
144013400
121971155
120359060
146248500
147565400
154119800
122749555
120873060
144427000
142123300
142434400
108742655
107040260
128278800
124212800
119667800
89715955
88671060
107613800
103475500
96883400
72556255
73303860
87124600
82939600
77332600
57219055
59405560
64639100
59587400
56073300
39893155
40975160
35652400
28216100
24492300
10724255
10228060
-6640900
-16509400
-22543100
-31017845
-31639340
-60254300
-71798100
-80381000
-79054445
-82888640
-115255700
-124897500
-136640000
-120883345
-124643740
-153625300
-158070000
-169733600
-141974445
-142476640
-162189700
-159189500
-165726600
-127386545
-125357740
-132795000
-123086800
-120979200
-82049145
-79189040
-73150200
-58909400
-48484500
-18818545
-14521040
-1419200
12191500
28638300
40312855
43957660
57894800
66613500
83756800
77173255
77487560
88273700
90160700
101644100
81459855
78391860
86151700
82821800
85140400
61184755
56348360
63096800
57587600
51418200
31898255
28971160
37324600
33554700
24316800
13994155
13909360
25752800
25801200
18964000
16331255
18642060
32950400
35891300
34484100
33137055
37662060
47354200
49196600
53106300
46380555
50606860
48351500
45366100
51023300
37531155
38163660
19159400
8901100
9559800
-6600145
-10066040
-44773400
-60933100
-70203900
-77366645
-83668240
-129527900
-146445100
-163546700
-153942845
-159170240
-204364800
-214873400
-233998500
-201383245
-204945640
-236180500
-235601000
-250818900
-197740445
-197016240
-206386500
-192852900
-195546200
-135639345
-129958040
-118114800
-95095200
-80729200
-33164545
-24832440
3395300
28309300
55130400
77503855
83282060
118094600
136526900
166152000
156435055
158141460
189333400
196603700
219712700
182219855
179392560
201596400
197449500
206855900
155553155
149377360
164231400
153076900
146960400
99158755
92775960
105444500
93846500
77030500
45416155
41667660
56899800
50607900
32729400
19430855
21300060
38641600
38810800
29234000
25632955
31904060
46700900
49428000
49846200
46368455
53000360
57149000
57070800
64158200
52764955
56266760
40946700
32927900
38883900
19913955
17618360
-18152400
-35328800
-40679000
-54304645
-62615440
-115001700
-136561800
-154361200
-152758145
-159398040
-217962600
-235049100
-258015600
-231220845
-236238540
-283831100
-289885100
-312911700
-255509445
-257526840
-281264700
-271779300
-284052800
-209366045
-204472340
-204474000
-181306600
-171944700
-105548845
-94370440
-74743200
-45993000
-17963100
24052055
31986260
63257000
87173300
121315200
129564955
131846560
163199400
175911400
205878600
178791555
175956560
200465100
200426200
216690200
167180255
161286760
179512100
170573600
169081400
117671255
111056260
128027000
117028500
101953600
65502555
60413260
81217300
74868000
56415500
38135455
39237960
62552900
62736500
52041100
43437855
50628160
70301500
73470000
74585500
67060155
73698060
83204000
83161900
90625800
75646755
77392460
70268100
62572600
67418600
43603455
43018860
13124900
-3366300
-6518100
-30014045
-35231440
-81609500
-102492100
-117991800
-123406445
-132830740
-181806800
-199286400
-224973600
-203011145
-209670640
-249699400
-255856200
-279865400
-231031645
-229788440
-253529400
-245414300
-255368900
-190948545
-185364640
-187312900
-167322400
-159522700
-96670245
-89415740
-73099700
-48238000
-24739700
15111855
21996360
47619600
69267300
100779600
107234155
111119560
137903900
150115800
178126100
154527255
151488060
177710700
179639500
193693800
153844555
146559160
172535300
167918200
166455500
123337455
117920160
143616400
137487500
126991000
91347955
91016060
116213000
112086600
100893900
76258555
78773060
101535700
99972900
93714200
75995555
80767660
94983300
92955800
93135800
74302855
77379860
77549500
71092500
72503200
50873555
51889460
33384200
20911600
18887000
-2177245
-5673740
-38825200
-55236700
-65801800
-74973545
-81970340
-120419100
-135728300
-154768000
-144373345
-149851240
-184802400
-192820700
-212677100
-180170145
-180615840
-204560800
-201842900
-213383500
-164777745
-162053140
-169392600
-156481500
-155100500
-103766345
-97868240
-91203200
-72803500
-57480700
-20152145
-14074040
1430600
18876200
42004600
56628755
59417260
78358100
89859900
112103800
102413855
101564560
120046000
123862500
138087300
111569455
107253960
125588400
123145800
124933900
94005855
89375960
106983900
101953700
94842500
67407855
66756260
81014400
76310600
67906800
48361255
49715060
60533600
56982000
50571300
37892355
39645060
44558000
41293100
38213700
27257555
30691260
24957200
20064600
20084100
10184255
9537760
-4185900
-11183100
-13551700
-18888245
-22958140
-40013200
-47104900
-53707500
-53604145
-56814740
-72671200
-77198500
-86063500
-75640945
-77104540
-85641100
-85009100
-92409800
-71584645
-71759940
-68841900
-61855800
-63421000
-40073245
-36281040
-23943300
-12683900
-5237800
10919255
15960660
33195700
44204100
57835700
61256655
64257260
81899500
88959200
103376400
92152755
91243860
105529300
106681600
116285000
92702455
89968860
100225000
96349100
97816100
70230455
66966260
74445800
68157400
61809100
39825555
37360160
45023500
40035300
30360200
18330455
17698860
25961300
24061800
16599200
11596055
14406660
21820100
22169000
19729200
17826955
20659560
24233400
24292100
25675500
22567455
25070160
20265300
17764700
21209800
13683755
13447660
469700
-5434900
-5145800
-12614645
-15997540
-33521300
-41266600
-47162800
-49091245
-53075640
-70509900
-76481300
-86299300
-77284445
-79760340
-91777800
-92729900
-101351400
-81694145
-81887040
-83151800
-77471400
-80556300
-55778445
-52998540
-43252400
-32439900
-27315700
-6516945
-1718040
15065200
27229000
39988400
48814455
52415360
71482900
80703900
96251900
88599655
89590660
106170700
109250900
120937300
98876355
97431860
107381500
103555800
106905700
78780155
75995660
77059500
68226500
63401800
37632555
34652660
28626600
18258100
7372700
-8267545
-10442140
-20733800
-29446000
-42447300
-44509345
-44814640
-56896800
-61516300
-71193000
-61399245
-60725240
-70585300
-70384600
-74408500
-57575145
-57189940
-60304400
-55778600
-55012800
-36825945
-35899840
-31392700
-23960000
-18639700
-5130245
-3302140
8446900
16970900
25577900
31328355
32226060
51110300
59183600
68235200
64728755
65236660
88069100
94136100
102279700
88538555
89596360
111908200
114689100
121006600
99695355
99692660
118740300
117871300
120821700
95099455
94060560
108257800
104437800
103531500
76722855
75948060
83752500
77559500
73056100
49507555
48630160
50313900
42978400
35320500
19395855
18515460
13278100
5818800
-2682400
-10961345
-10561140
-23360000
-30421600
-37767600
-38760945
-38226740
-57944400
-64629800
-71155600
-64800245
-64871440
-89849200
-95797800
-101848100
-88135945
-89168840
-116711700
-120875700
-125864100
-105646745
-106979940
-132141900
-133189300
-136937800
-111095945
-112563440
-129457300
-126251700
-128462800
-97946745
-98155540
-103735400
-95556200
-92961600
-63095045
-61774340
-53406000
-40815000
-32434000
-9209145
-7444940
15183700
29878200
42438800
53201555
56253160
88182700
101944200
118000800
111278255
113850260
150119400
159983900
175607100
151841455
152380260
187754100
191222900
201307900
163884055
163357160
190472500
186684700
189641100
144841855
144386060
156871400
146381300
142469700
99130955
97033460
94595000
79497800
67861100
34762755
31692560
14717900
-2105000
-19072700
-37016445
-37964840
-68188600
-83615700
-100968500
-99707145
-101523840
-137324900
-148160200
-163851300
-142806045
-144658940
-178197400
-182426600
-194018700
-159589345
-159323940
-185870200
-183265200
-188457500
-145559445
-143243040
-161009200
-152830800
-149555800
-107085945
-104775840
-111752100
-100003400
-89712900
-56189345
-53901740
-51374900
-39413500
-25802200
-5878845
-4698540
5101600
15131200
28459600
35282155
34677860
49680400
57005200
68149600
62289055
61167860
81284400
86164800
93231800
78609755
77235860
101455400
104288300
106628400
87846555
88484060
111993100
112939400
113866900
92181655
93900860
112088300
110504900
111308100
87310955
88731660
97368000
92005300
91140500
65731555
66310360
61134300
51227300
46980900
25018355
23714060
3896500
-9438600
-17969100
-31352045
-35415540
-63975600
-77216800
-90568000
-90050045
-93924440
-124298400
-133869000
-149442700
-132301845
-133721140
-159656200
-162535000
-175036200
-141817245
-141012440
-157961700
-152974600
-157016700
-116668545
-113813740
-120103300
-109232100
-103368800
-67140645
-62989740
-60662600
-48097100
-34971600
-10745245
-7850940
-452500
10152600
26095800
34275355
34595060
45159600
51817300
65122300
58499255
56515960
69214400
71430300
77634700
62446955
60359460
73286600
72278200
71958000
55000255
53991160
64703000
62289500
59274700
43711155
44332860
51082200
47970300
44498400
31585955
32571760
33867300
29952400
26684900
17592355
18148860
12603900
7922900
5728500
-904345
-2180340
-10693100
-15077800
-18326700
-20651345
-22939140
-30808400
-34022900
-39461200
-36344445
-37405040
-42049800
-42685000
-48007200
-38566545
-38120140
-39585900
-37496500
-39409100
-28036545
-25550540
-25330200
-21817400
-19431500
-10062545
-7563240
-8734500
-6258100
-1307000
3118255
4411660
-939000
-920000
4439700
3163555
2076460
-6218700
-8609500
-6647000
-9426945
-13015040
-20279200
-23351500
-26746900
-26545345
-29190940
-32337000
-33343100
-38946500
-33393845
-33694740
-31205500
-28828300
-32616000
-22414645
-20266340
-12994000
-7899700
-6795200
2907655
6208860
13712600
18663400
24865200
27317355
30727560
33359300
35283200
43644900
37427455
37708960
33781800
31166700
36363400
24917855
21533860
14020000
8538200
7020700
-3420445
-8069140
-14177000
-19378800
-27367900
-30278345
-33168540
-33458900
-34587100
-43741600
-36345345
-35600640
-28561000
-24315300
-28116000
-15817945
-12616240
1040600
8796600
12193000
21755555
26757760
40072200
46996500
56936300
55688755
59393160
66169000
68349800
79659400
66484955
66003960
63970900
59479300
64904300
44471855
40530360
30550500
21053000
16636700
-1324445
-6100540
-20661700
-31062300
-43471300
-49442945
-52827040
-67285400
-74193600
-88510800
-79334645
-79417040
-90013800
-90975600
-100637900
-79873445
-77476340
-83640700
-79397600
-81007500
-56966545
-52658040
-56805600
-50421600
-43668500
-24913845
-22214040
-25930000
-20544200
-10161500
-1175845
-1172940
-4396700
-2006600
5877600
6463555
3929060
1609800
1397700
3716800
1016855
-1160340
-1257700
-1823300
-3226600
-4684745
-6794040
-791600
671600
-2428200
-316245
-191740
12250900
16406100
15514200
18495255
20961460
37073400
42999500
46904700
46286155
49267160
65807000
70860100
78477200
69792355
71574260
85167400
86837400
94151400
77071955
76701360
84607500
81754900
84671500
62944755
61058560
62049700
55456200
52298200
31739555
29698660
24353600
15970000
8016200
-5133845
-6946640
-16544500
-24202000
-34574700
-36869945
-37788540
-49868900
-54946100
-64313400
-56697445
-55608640
-69809800
-72196400
-77305000
-63311745
-61993640
-77048900
-77409400
-78230800
-61826945
-61254540
-75364900
-74473600
-73415500
-56738145
-57110340
-69032500
-67146100
-65400000
-50020645
-50625540
-59114600
-56638500
-54407700
-41319245
-41396940
-44212000
-40408200
-38038300
-26398045
-26703740
-22015200
-16608300
-14102500
-3915145
-3649240
7172900
13659800
18207700
22842055
24680160
38743800
44623800
51581700
48726955
50624260
65684500
69749700
77020000
66955455
66718160
80804000
82118600
86764100
70384455
69795460
80232000
78245800
79421500
59964155
59241060
64730700
60215100
58044100
39737655
38526960
40087100
34561800
29249500
15806555
14618060
13288200
8280300
1106400
-5137045
-5231540
-9972200
-13997500
-19744000
-19942545
-19078640
-26969900
-29725800
-32858000
-29306045
-28917040
-38113700
-39592100
-41402400
-34651645
-34866140
-43910700
-44266000
-45449200
-36258045
-36957240
-44885000
-44383100
-44362900
-35535345
-35582640
-40336000
-38825600
-38566700
-29283545
-29190640
-29690100
-26542600
-25694300
-15957345
-16052740
-12520700
-8667300
-6187500
779455
2032060
7506200
11345800
16059500
17099755
18302460
25601200
28467200
32807900
30316855
30364660
37305100
38683800
42129500
35487155
35056460
40060600
39394400
41204800
31142655
31150960
34212400
32132300
31561700
22253055
21078160
22694500
20055400
17229700
10537155
10061760
9513800
7130900
3610100
-122945
258460
-2588200
-4599200
-7227800
-8487345
-8483840
-12039500
-13768500
-15908000
-14569245
-14823240
-19580400
-20525600
-22417500
-19646845
-19260140
-24702400
-25404200
-26536400
-21672045
-22343740
-27260800
-27590500
-27840400
-22468845
-22618240
-25845700
-25156500
-25072800
-19140345
-18675940
-19937200
-18023000
-17416400
-11282045
-10813540
-9787800
-7695300
-5410400
-1371245
-897740
1995900
4152600
6870000
8271955
8839460
12154200
14019500
16274700
14952655
14501560
17925500
18647200
19888500
16795155
16270260
18777800
18216800
19260200
14155355
13561760
16214600
15614000
14725800
10032855
9765160
12814700
12447700
10331500
7825155
8634660
10829700
10396500
10029600
8216555
8896960
10370000
9972000
10588300
8163855
8037160
9165300
8977600
8388500
6804955
7123360
5573400
4263900
4118600
2615355
1858760
-2136600
-4298100
-4440800
-6846545
-7395040
-12552100
-14677400
-16727100
-17245645
-17584740
-22869200
-24153300
-27311200
-23266745
-23607640
-28980100
-29710600
-31443700
-25900045
-25834840
-29753400
-29151900
-29985000
-23285845
-22608740
-25501900
-24017300
-23806900
-16946245
-16008440
-18524200
-17326200
-15242700
-9818245
-10147440
-12352900
-11785200
-10004600
-7075145
-6433840
-9273600
-8964500
-7698600
-5698245
-6100740
-9410300
-9832600
-9076300
-7632245
-7909840
-11192900
-11820600
-11690200
-10530245
-11597140
-13690600
-13484100
-15581600
-12876845
-12763040
-14810100
-14554500
-15848400
-12078445
-11811540
-14596500
-14690800
-14311100
-11695145
-11243140
-13672900
-13411100
-13158400
-10512745
-10029640
-12546500
-12158000
-11940700
-9328045
-9390240
-10731100
-10722100
-10079400
-6497345
-7283740
-7677200
-7117000
-5978400
-4118245
-4206840
-2678600
-1242000
-525100
558855
759760
4152400
5813300
6390500
7384955
7317160
11905300
13354500
14854500
13847255
14481960
18558700
19580800
21555100
17824555
18766460
21586800
21649500
23211500
17185255
16925060
19404600
18449000
17795200
13001855
12385460
12638500
10870500
9340900
5124855
4978460
1995300
-511000
-2289300
-5031845
-5042340
-10739900
-13246600
-15562300
-16394445
-17186940
-23375700
-25561400
-29206300
-24932245
-24779040
-33716500
-35735800
-37429600
-31637045
-31298940
-41508500
-42823900
-43440300
-36195145
-37197440
-45173700
-45179200
-47145100
-37561745
-37890740
-44665600
-43926400
-44761500
-34057845
-32787040
-39211900
-37843200
-35896700
-26667245
-27235240
-30023700
-27604200
-26274900
-18386145
-18022440
-17343800
-14499000
-12944700
-6365845
-5736340
-3565500
-1084000
2409900
5930155
6743060
10561000
12897600
17288800
15823355
14857360
22249500
24605600
25806300
23202455
23260960
31326000
32626200
33924700
29853755
30332160
35613500
35733000
38673400
29625355
30326160
34757200
34085200
34118500
25253255
24092360
27296000
25374500
22151000
16610955
17193060
14086700
10378900
9614700
2640055
2989960
-4020400
-7916900
-9957600
-14230145
-15962740
-22878700
-26240900
-32108200
-29215045
-30540840
-39032200
-41584900
-45849600
-39741445
-39076440
-48748800
-49853100
-51368800
-43127045
-43400740
-50101900
-48771900
-50658800
-38633245
-39278340
-43305400
-41044000
-41427100
-29410345
-27371540
-31269800
-28734200
-25068100
-17490045
-16177340
-17406500
-14869600
-11095100
-4507445
-4900740
-3291000
-691900
2455200
5774655
5503960
9527900
11335900
14378300
14529055
14875860
20793900
22590000
25257500
22587755
21296960
29685300
31228100
32283300
27889555
28748960
35823900
36740600
37956100
30374055
30985260
36304600
35928900
36603600
28316055
28184960
30325100
28474400
28006300
18942055
19149560
17405400
14287100
12844100
4502055
4010960
526700
-2867900
-7028500
-8990945
-11444940
-16191000
-19077900
-23592700
-21231045
-21306740
-28235600
-30114700
-32561000
-29216445
-28011740
-34070000
-34422200
-36451500
-28962345
-28615940
-33333600
-32435700
-33241400
-22313845
-22069340
-27321600
-26047200
-23552400
-16733545
-15291640
-19938200
-18660800
-15317500
-11905545
-12207640
-12698900
-11221700
-10556300
-5208545
-6900340
-4885600
-2991600
-1796300
1306655
74860
5115000
7250400
8326800
7797355
8604460
17101000
20030400
21152800
19803555
20660960
31927500
35143300
37284800
34017355
35306560
46712400
49001500
53489800
45037755
44958260
56699400
57690400
59978800
48924455
50428860
58163700
57712400
60065400
46656155
45827460
50070200
47286100
47466600
33647955
32410960
33374400
29193800
26287100
14908255
13000960
11858900
8339500
1645400
-3077845
-3051640
-7533400
-10787200
-15372700
-16078445
-16703940
-20672400
-23201600
-26382500
-24425045
-22691640
-26119900
-26242500
-28057200
-23179445
-22690240
-23342000
-21639100
-22512800
-13224745
-14518040
-13815800
-12133900
-9412700
-5127945
-3834940
-1680900
699400
4657400
4615755
5875460
10416100
13454100
15885300
15727555
14367760
22855400
25266900
26800700
25859055
24733860
34297800
36205100
38583200
33029955
34541460
44389900
46464000
48964000
40523155
40557660
52289700
53772100
54869400
46398955
46446960
57502300
57782400
59168900
48863455
49192860
57320900
56480000
57593000
45372855
45344260
50101900
47840200
47269300
33954755
34515660
35959000
32343900
30379100
20495955
20077260
17746400
13881400
10953900
3489255
1322160
-1751400
-5210800
-10971700
-13034245
-13036240
-18702700
-21328800
-25649200
-23825645
-23624540
-29055400
-30197500
-32643600
-27113345
-27556540
-31679700
-31484600
-33170300
-26434145
-25699140
-29004100
-28032100
-28300600
-20186945
-18868940
-22706700
-21370500
-18652200
-12657845
-12975040
-14629600
-13236100
-10631200
-7242345
-7292540
-6774700
-5074300
-3851400
-1396645
-1479640
1392100
3395300
4580400
6686755
6370760
11324700
13151900
15100000
14794055
15024660
22406800
24734000
26713100
24451255
23869160
33471400
35892200
36991600
33506055
34334260
42190000
43090900
46049400
37587255
38786260
44455600
43882600
46176000
34916955
34747860
39458500
38205600
37504100
27707255
26171160
29106700
26474000
23814400
16024955
15849460
15537600
12413800
10334500
3817255
3691960
2917300
1134100
-2056700
-3980545
-4966240
-3963300
-4378700
-7727600
-5366045
-5208640
-4561500
-4293700
-4651800
-3361645
-1236640
-930600
-85600
1713500
1466655
1998960
4084600
5241400
5713200
7291955
6083360
7870200
8095800
8903200
8638055
8510160
7417800
6665200
8245700
4473855
5129460
3124000
1767200
1621100
-1347445
-2686440
-3443100
-4226200
-7106000
-5454945
-6055240
-8832500
-9611200
-10747000
-10786345
-8974240
-11910300
-12364500
-12439600
-11890645
-11913740
-12003900
-11836800
-13287700
-8765845
-9939040
-9362900
-8221600
-8815900
-3847645
-3843740
-4909800
-4295300
-2028500
-2360045
-840740
-498200
85000
1978100
1354255
903060
3100500
3890100
4072100
4659155
4415160
6226700
7076700
7749800
6435755
6175260
8435200
8429500
8767700
6910555
7168960
9345600
9398100
9571400
7743655
7391160
9217600
9105000
8984900
6941055
6693860
7977700
7835300
7641500
5871155
5905460
6264400
5688300
5661700
3590255
4088360
3969500
3704400
3806200
1882455
2062360
2495000
2263000
1650900
1585455
963360
2050400
2384000
1897100
2419355
2341760
3285300
3583200
3549700
3567655
4497160
5558500
6150400
7175500
6564455
6058760
9050600
9661800
9954200
9594355
9258760
13010200
13880800
14422200
12909955
13001960
16526500
16997400
17717900
15226855
16342260
19265700
19326900
20940400
15833255
15266260
19298100
19073400
18683300
15266255
15261860
16950400
16273300
15909500
11555955
11616360
10759800
9052600
8210700
4011655
4528560
1057600
-1496900
-2914000
-5708645
-6611940
-11843800
-14381800
-17290600
-16630645
-16887440
-24867200
-27342800
-30125800
-27612645
-27297340
-36718100
-38815500
-41183800
-35794445
-36439540
-45023000
-46163800
-48748700
-39845645
-39917440
-48198700
-47881000
-48920400
-38702345
-38711140
-45531600
-44336400
-44245800
-33778445
-33673940
-38914000
-37391500
-36314800
-26719545
-26212340
-30099500
-28223300
-25982000
-18208145
-18115540
-20103400
-17888800
-15298300
-10005045
-9869740
-9376600
-7368300
-5218500
-1309345
-1915840
1234400
3550600
5761300
7478155
7522160
13697500
16474700
18599500
17620355
18078460
26669800
29327600
31392200
28418455
29322260
38455800
40367000
42858900
37178855
37283960
46116600
46950100
48928800
39988255
40241160
46409600
45144600
45827200
35153155
35415360
37359200
34352600
33904500
23508555
21768160
20956300
17130600
13988100
6302355
5787460
1453900
-2565000
-6452100
-11232245
-11403240
-17350100
-20532300
-25028500
-24072645
-24097940
-30562800
-32345100
-36335700
-30669445
-30486040
-37537000
-38102800
-40136600
-32283645
-31434340
-39586500
-39668800
-39593100
-31874745
-31418040
-38909400
-38512000
-38056800
-29500045
-30533240
-37322600
-37022000
-36842700
-28907945
-28725140
-35030500
-34472200
-33628200
-26492345
-27280540
-31181700
-30017200
-29784800
-22499245
-21882140
-23630200
-21782300
-20691300
-14508745
-14135640
-13791800
-11732600
-10111500
-5232545
-4499340
-3526100
-1703100
608400
2838755
3200060
3712700
4730300
7112300
7104855
6909860
6307100
5992200
7409400
4973455
4460560
3099000
1934600
1518800
-325545
-1090340
-3514600
-4873000
-6269900
-7187445
-7257340
-9546400
-10456000
-11986500
-10976645
-11216440
-12272900
-12316500
-13903300
-10824845
-10574940
-10876100
-10031300
-10286000
-6577345
-6197440
-5929300
-4756300
-3674400
-1406645
-993140
-349000
624400
2082500
3151455
3377060
4322800
5137200
6669100
6445155
5472460
7462800
7860900
8413600
6686855
7234160
9690300
9999200
10477300
8122555
8092160
11448000
11987500
12020000
10744355
10629560
14664900
15289800
15581100
13477355
13518660
17071000
17344400
17927400
14485655
15704960
17416400
17112800
18085000
13843355
13442060
14156600
13232400
13019300
9458855
8713560
7547300
5664900
4268100
489055
287960
-2622200
-4627000
-6622300
-7805845
-8168140
-12513800
-14362400
-16594400
-15649545
-16223440
-20111600
-21151500
-23394700
-19728845
-19485340
-23946700
-24447100
-25674600
-20884445
-20070140
-23972400
-23338800
-22982300
-17200945
-17309040
-20381200
-19605400
-18984500
-14405145
-13937440
-16000300
-15029000
-14055100
-9642345
-9806840
-12135800
-11449600
-10333000
-7560945
-7547640
-8701000
-7884100
-6993800
-4903045
-5452440
-5811800
-5326400
-5031500
-3666245
-3290840
-2289900
-1341700
-847100
685855
214560
2509700
3541000
3874700
4433555
5222960
8280400
9329200
10521900
10171755
10080060
13270700
13933500
15231700
13392355
13410260
16773600
17185200
18146500
14974355
14804360
17406200
17219700
17922100
13737955
13779560
15937500
15477300
15607200
11482555
11083160
13614000
13261400
12410200
9228055
9332860
11708100
11539500
10782500
8332755
8683160
10810200
10711700
10426200
8699955
8501760
10293300
10068600
9630200
7714755
8140460
8714500
8190200
8207000
5874155
5911160
5371300
4510500
4360600
2488655
1828760
816800
-294000
-1241900
-2462845
-2862740
-4103200
-4887800
-6077800
-6079845
-6118040
-7052600
-7291400
-8091500
-7018945
-6764240
-6522100
-5896900
-6128600
-3991245
-3863540
-2902900
-2086200
-1835100
-154945
536660
1694900
2683600
3803200
4511355
4804160
4749100
4921800
6273100
5121155
5397460
4421000
3932400
4648700
3135655
1950660
189500
-1103100
-2097800
-3349045
-3554440
-6012800
-7098000
-8357600
-8517645
-8841340
-11479600
-12344900
-13900000
-12401145
-12129640
-13544500
-13427900
-14592900
-11183545
-11213340
-11805700
-11002700
-11120900
-7488145
-6883040
-6612100
-5347600
-4149500
-1548645
-1545340
-458400
741300
2330200
3669255
3720760
5991800
7215200
8910200
8287055
7783260
11370600
12362300
13372300
11619555
12008560
16142200
17001200
17968200
15176055
14936260
20287700
21257000
21962200
18724555
19146060
24804300
25436800
26189600
21061255
21420160
26701400
26798400
27135000
22629855
22810560
25829600
24994500
25375100
19236155
18847360
20297600
18750900
18154100
12313955
12596360
10563600
7935800
6549600
1466655
870360
-2759000
-5394400
-8107400
-9039045
-10153640
-15431000
-17774900
-20773500
-19936045
-19850840
-25141600
-26350400
-28887900
-24614245
-24639440
-29602800
-29938300
-31647000
-25247345
-24681740
-28372400
-27450300
-27398300
-20290245
-20314040
-22817900
-21436500
-20496400
-14400045
-13563340
-15375200
-13881600
-11888700
-7885345
-7831140
-9000500
-7922000
-6040000
-3537445
-3507940
-4070000
-3358700
-2013500
-1089745
-1842240
-1436900
-1017400
-886300
-347845
-191540
210300
553000
930400
459755
656560
1455700
1743800
1926000
2056155
1958960
3175300
3377200
3298100
3025755
3213660
3423100
3332000
3520500
2613055
3293560
1492000
719900
1111000
178655
-257440
-3621000
-5072900
-5596500
-6346845
-6714940
-11545400
-13410100
-14948600
-14548845
-14899540
-21042600
-22728900
-24695000
-21783245
-22264240
-28041900
-28995100
-30924700
-25829545
-26357240
-30294700
-30061800
-31644300
-24884745
-24221540
-26801100
-25501400
-25430600
-18330045
-17763440
-18562200
-16520800
-14978300
-8836245
-8587940
-8026300
-6011800
-3584300
-231445
276860
1072900
2450000
5002600
5305455
5411260
5775500
6215900
7968700
6620855
6485060
6315300
5950700
6650800
4442255
3326460
3684700
3093300
2163100
577355
688760
351300
-346400
-1552900
-2550545
-2261240
-2937800
-3382700
-4340500
-3150245
-3276540
-4304600
-4546300
-4844200
-4101245
-4034540
-5255000
-5393800
-5621200
-4690545
-4106740
-7018700
-7641900
-7554300
-6790345
-6657740
-10482000
-11315100
-11389600
-9966045
-10846440
-14610900
-15404200
-16318400
-14149045
-14387940
-18063000
-18586100
-19749600
-16615345
-16792240
-19808400
-19839200
-20799900
-16249145
-15858840
-18234200
-17590300
-17386400
-12844045
-12995640
-13619900
-12336400
-11658100
-7523545
-7018340
-7168000
-5977600
-4605800
-2590345
-1985240
-1715000
-711400
870500
2057555
2026760
2234900
2762200
4084100
3391555
3097460
3745900
3875800
4282900
3460855
3073660
3473600
3159400
2860700
1785055
1491260
2226800
2137500
1606000
1396355
1351760
1975200
1974400
1787600
1385355
1522560
2582800
2737000
2631100
2558255
2979360
3572400
3658200
3870700
3184355
3548360
3349800
3271400
3793500
3040555
3038360
1916000
1242800
1267100
29355
-504440
-2358700
-3367600
-4273200
-4625745
-4517440
-7876000
-8979200
-9782600
-9454145
-10189640
-13228800
-14088000
-15617700
-13372845
-13418040
-16287600
-16632000
-17757000
-14724545
-14460940
-16773200
-16365700
-16589000
-12704845
-12391040
-13592500
-12807300
-12603000
-8820545
-8699840
-9441200
-8629600
-7876000
-4829445
-4324740
-5521100
-4841900
-3149700
-1894045
-2131940
-2818800
-2541200
-1698200
-1359845
-1579640
-2061600
-2149400
-2174000
-1897745
-2046440
-2803900
-2907300
-2843200
-2414545
-2757240
-2508300
-2259600
-2456100
-1832045
-1843340
-918000
-520500
-773100
-169745
499960
1250500
1666100
2042200
2596655
2732860
2865600
3029500
3802500
3384255
3781860
2847600
2536700
3266500
1844155
1418660
-65100
-930400
-1387900
-2293545
-2703740
-4921000
-5980000
-7099900
-7236845
-7586240
-10094500
-10931700
-12264700
-10730745
-10987140
-12850900
-13046400
-14156600
-11533545
-11599640
-12558600
-12108200
-12604800
-9514745
-8738540
-9579800
-8838600
-8247800
-5292945
-5078040
-5580800
-4817500
-3669500
-1813545
-1750740
-2340700
-1820700
-612400
-445045
-250540
-1253400
-1357800
-760800
-835845
-1401540
-2216800
-2529300
-2781900
-2567145
-2972840
-3374400
-3480200
-3918600
-3665245
-3741340
-3171800
-2812700
-3269000
-2065745
-1856340
-436500
291200
455400
1584455
1867160
4237100
5377000
6268300
6717955
7062160
9594200
10495600
11774400
10431155
10812460
12861700
13233000
14443800
11976655
12062960
12930700
12390500
12909700
9579155
9012760
9139400
8042100
7313300
4428655
4160660
2681600
1229100
35700
-2311445
-2318140
-4622300
-5996100
-7651200
-7741245
-8072740
-10710900
-11766400
-13523100
-11739445
-11798140
-14711800
-15155500
-16177700
-13372545
-13156340
-16166200
-16188800
-16481200
-12992245
-12832640
-15500700
-15260600
-15111800
-11512545
-11629940
-13512700
-12956400
-12490500
-9176645
-9217040
-10247600
-9439000
-8744400
-6289345
-6242840
-5852700
-4789800
-4034700
-1818345
-1875240
43900
1390700
2426000
3564955
3583360
7433300
9166000
10523900
10365455
10662860
15918800
17622400
19188500
17428055
1527321496
1533648936
1535097936
1536769336
23821855
1533515996
1540027736
1540923036
1542519836
-1014440457
1537184596
1543159136
1543347736
1544513436
27744455
1537319796
1542286236
1541547136
1541605436
24678155
1533915696
27999300
26780600
25959200
19149155
18743260
21011400
19502000
18164600
12213155
12237660
13536800
12212500
10646800
6806955
6460960
7668600
6755800
5060500
3194255
3060360
4392800
4095200
2922900
2084955
2558160
3682300
3856900
3791600
3317255
3684260
5224600
5678000
5677400
5216955
5000660
7342300
7865600
8305700
7307655
7298960
9915200
10431300
11040300
9268155
9353960
12253000
12753600
13490100
11175855
11012460
14801000
15270100
15579500
12965655
12833760
17278000
0
18495000
15445855
15783660
20202300
20673100
21291000
17516255
17769560
22238600
22498900
23086600
18914555
18782760
23228000
23200200
23405600
18731355
18711960
22353900
21968300
21978100
16891455
17003460
19503100
18705600
18389900
13675255
13464560
14918900
13831400
13007100
8955955
8780160
9315400
8220500
7108800
4167455
4061060
3882700
2899600
1673300
107655
-31340
-382500
-1011900
-2136400
-2362645
-2371040
-2663800
-2838300
-3495900
-2923945
-2862940
-2584300
-2278700
-2419300
-1288845
-1240240
-272600
351900
753700
1503255
1654560
3571400
4504200
5341000
5485555
5520060
8517100
9537300
10487200
9773555
9778160
13823800
14875600
15948200
14152855
14200360
19030700
19980600
21061000
17822555
17960460
23342800
24073100
24905700
20725055
20935460
26006200
26260800
26936700
21862755
21935960
26266200
26016800
26413600
20609155
20577660
23707700
22829700
22492400
16663555
16622160
18077100
16643500
15660300
10774655
10492860
10113300
8328900
6879500
3201055
3017960
1079900
-722700
-2523800
-4407545
-4605440
-7644500
-9200800
-11201300
-10814045
-10970140
-14617300
-15706000
-17377000
-15084345
-15083840
-18913500
-19427100
-20547000
-16902545
-16778340
-20339000
-20299900
-20794900
-16305445
-16159340
-19279600
-18851300
-18645600
-14184545
-14079240
-16472400
-15816900
-15182000
-11206945
-11115440
-12746100
-11955600
-11129600
-8000445
-7972240
-8708100
-7873800
-7047400
-4602345
-4637740
-4661200
-3925000
-3172000
-1658945
-1655440
-1162000
-539400
146600
834755
1016060
1459000
1829500
2477300
2335055
2391960
2632000
2695900
3097300
2589555
2574160
2197700
1879600
2026700
1065455
997660
159900
-307700
-519700
-1169045
-1381540
-2477600
-3016900
-3666100
-3650445
-3881640
-4815700
-5083000
-5782300
-4890245
-5000040
-5548700
-5467200
-5872700
-4574445
-4507140
-4187900
-3626300
-3612600
-2032745
-1908740
-871200
-98700
379000
1436055
1748760
3281200
4130100
5100700
5274755
5414260
7149000
7762000
8865800
7807355
7885660
9716700
9980700
10710400
8662655
8534260
10063700
9841600
9898600
7653055
7698560
8311600
7734600
7606500
5201055
4993460
4887000
4038100
3342900
1496755
1513760
345700
-713800
-1751700
-2769045
-2779340
-5352200
-6535800
-7599900
-7418245
-7377940
-11205800
-12370600
-13346200
-12220145
-12473240
-16989700
-18016600
-19218800
-16614345
-16670940
-21580200
-22282300
-23288600
-19504645
-19844240
-24287000
-24480500
-25415500
-20362145
-20311440
-24068700
-23701200
-23995200
-18621345
-18447440
-21236900
-20349400
-19870400
-14690545
-14347240
-15935800
-14781200
-13789600
-9507345
-9408740
-10077100
-8938400
-7755400
-4657945
-4325340
-4906100
-4111500
-2674200
-1284345
-1300840
-1682500
-1256900
-242000
184655
-32440
-520000
-596000
-329400
-597445
-760040
-1682900
-2062600
-2342100
-2382345
-2482540
-4091500
-4675300
-5154100
-4969345
-4951340
-6995200
-7520000
-8061500
-7220945
-7253940
-9651100
-10174500
-10868900
-9223445
-9249640
-11923200
-12245100
-12726200
-10425545
-10459940
-13231900
-13384600
-13611000
-11058545
-11096040
-13478000
-13387500
-13538200
-10643645
-10691440
-12588800
-12319600
-12358000
-9393745
-9323840
-10740000
-10217700
-9825800
-7205045
-7085640
-7801500
-7165900
-6598700
-4472145
-4473440
-4482500
-3823800
-3256100
-1772645
-1577740
-1473800
-976900
-271700
418455
499360
610700
920100
1586000
1618755
1524860
1557300
1544200
1795100
1262355
1256660
776600
416300
630300
-20345
46160
-1384800
-2061000
-2465600
-2788845
-2821840
-5223200
-6115800
-6790300
-6552945
-6678440
-10175600
-11266300
-12233800
-11100145
-11098640
-15773500
-16934100
-18002500
-15741445
-15982840
-21430500
0
-24065600
-20333845
-20456540
-26430700
-27200200
-28166400
-23414745
-23566340
-29286900
-29549800
-30268600
-24515045
-24507340
-29389900
-29082300
-29451900
-23115145
-23029640
-26800600
-25945700
-25713200
-19238845
-19008640
-21640300
-20364700
-19253300
-13773445
-13614940
-14738500
-13228800
-11795100
-7594345
-7512640
-7371900
-5966500
-4524100
-1779045
-1666440
-693400
529700
2122900
3185655
3128360
4980000
5985500
7364700
6839055
6778160
9616300
10404800
11214300
9809255
9713160
13030000
13597200
14129900
11980255
12123360
15596900
16030800
16674900
13834555
13793760
17444000
17674200
18065900
14658655
14675060
18186600
18161200
18263600
14633755
14708060
17425800
17087900
17166700
13287255
13255860
15377500
14844200
14702000
10962655
10763260
12566000
11971500
11371400
8212155
8018660
9577400
9051100
8216500
5931555
5928060
7257300
6944300
6367600
4750955
4771760
6259200
6246800
5951800
4758755
4844460
6649100
6848500
6754800
5730455
5920060
7692400
7908200
8163800
6884855
7037760
8774800
8950800
9389500
7793455
7670760
9460000
9531600
9774800
7878255
7792060
9557400
9500300
9528300
7449255
7371360
9093600
8956100
8800300
6883255
6895560
8485400
8348900
8140700
6313455
6350460
7704200
7534800
7334500
5726455
5893760
6721100
6414000
6318100
4620055
4619360
4922400
4466700
4188800
2826055
2867060
2308800
1703600
1378700
329955
80660
-882200
-1492600
-2049700
-2433045
-2611140
-3722800
-4210100
-4922900
-4725745
-4750940
-5675300
-5867100
-6544400
-5344245
-5332940
-5952900
-5816700
-6121700
-4512845
-4418640
-4677500
-4305500
-4168600
-2748045
-2497040
-2738200
-2398900
-1936300
-1007845
-804640
-1321400
-1161700
-562900
-194045
-280940
-1102300
-1206800
-859500
-986745
-1084140
-2308100
-2705700
-2430300
-2579445
-2691240
-4268800
-4783300
-5322800
-4834445
-4970940
-6687000
-7067400
-7643200
-6569045
-6716540
-8166800
-8327900
-8942100
-7184845
-7124340
-8466300
-8406300
-8704500
-6639345
-6434140
-7729900
0
-7628000
-5709045
-5617040
-6596100
-6238500
-5774200
-4176645
-4226840
-4869800
-4558900
-4221200
-2978445
-2969040
-3487000
-3243800
-2905500
-2048545
-2057640
-2372100
-2194800
-1948500
-1349145
-1428240
-1466100
-1290900
-1162200
-667345
-671440
-574300
-422700
-281700
-40845
-28140
226200
375500
489500
559655
688160
856500
943900
1130300
962855
1039060
1053400
1056300
1239600
999055
927660
900200
808400
805500
518755
383260
268500
127600
-32700
-291845
-241240
-524400
-684600
-835200
-851745
-958140
-1044700
-1051800
-1190300
-891345
-1013040
-640600
-427600
-448000
-162745
-154040
903200
1389200
1574700
1894355
1924460
3911700
4690300
5203700
5190955
5179860
8413100
9469800
10256100
9571155
9664860
13922300
15037900
16041600
14219455
14469760
19393200
20413100
21605800
18566355
18748860
23946400
24653100
25835100
21494955
21538160
26720000
26992600
27773800
22414755
22344160
27095100
26909700
27155400
21349955
21264260
25382900
24854100
24650700
18940555
18656560
22456500
21826600
21147200
16103455
15950660
19395900
18835400
18018100
13596855
13602660
16887100
16490900
15718300
12252455
12355060
15269900
15021700
14643700
11483555
11664160
14261300
14108800
14049900
11083755
11120260
13369500
13135900
13058100
10190955
10149360
12034800
11715500
11546600
8816955
8748860
10227800
9880200
9656000
7214355
7108860
8677800
8448700
8081600
6125855
5920860
7913200
7900500
7430600
5931355
6089860
8318900
8528300
8412500
7070455
7208460
9676000
10008400
10205900
8748355
8952460
11315300
11541600
11973000
9867155
10041060
11827400
11707300
12068900
9542955
9545060
10381000
9806500
9836700
7076255
6906460
6763000
5859300
5388600
3033855
2770160
1878400
859800
-111700
-1498645
-1790340
-2931300
-3750500
-5009100
-5057145
-5128640
-6308600
-6736700
-7797400
-6693445
-6518840
-7603900
-7615400
-8134800
-6276845
-6045840
-7123700
-6914700
-6829500
-5015145
-4745940
-6045100
-5887300
-5455200
-4076745
-4000740
-5668400
-5736400
-5358800
-4333045
-4466840
-6521200
-6835600
-6774900
-5943345
-6195140
-8387400
-8797500
-9166800
-7969245
-8172840
-10254000
-10545000
-11153700
-9366645
-9472340
-11116300
-11069400
-11557800
-9116645
-8973140
-10276800
-9949300
-9985200
-7510745
-7289640
-8210800
-7709500
-7329100
-5041345
-4824340
-5707400
-5250300
-4516100
-3024945
-2968940
-3833500
-3586900
-2971600
-2109745
-2178440
-3256200
-3322100
-3052100
-2591245
-2716740
-3943800
-4132100
-4146500
-3692245
-3907740
-4982800
-5157400
-5517800
-4757045
-4827240
-5657700
-5702700
-6116200
-4890545
-4836240
-5419000
-5235500
-5321100
-3885545
-3813140
-3961900
-3564000
-3327900
-2106145
-1987740
-1819200
-1391800
-955800
-147445
-15240
226800
539500
1094500
1314455
1274860
1595300
1791500
2234100
1988755
1949460
2247500
2281500
2509700
1843655
1762460
2052300
1938800
1823200
1247655
1266160
1362800
1198300
1032100
605555
563160
572700
477100
360900
168455
132960
227800
180400
33400
-62045
-108640
86100
77100
-80300
-30245
113160
168400
210200
305600
318655
320760
432400
484000
587100
563155
504460
673800
692900
706900
523255
582460
632900
598200
742300
660255
514460
706900
725700
698800
882655
536760
963700
1039000
867600
1035755
1328560
1514100
1690200
2118100
1399655
1778060
2510400
2701200
2891000
2561855
2544160
3513400
3719800
3540800
3218455
3343360
3724000
3703700
3938800
2835855
3161060
3185000
2983800
3302800
1909355
1423160
1668900
1259400
496000
410755
14560
-643100
-1096500
-1601400
-1773545
-1913140
-2960300
-3378500
-3631600
-3647445
-3545740
-4495300
-4688100
-5128800
-4335345
-4232240
-5581500
-5814600
-6212200
-4842345
-4729040
-6078400
-6348400
-6411200
-5059145
-5421740
-6679000
-6860700
-7251800
-5783045
-5328540
-7480300
-7733800
-7417100
-6830545
-6446540
-8482300
-8764600
-8535700
-7732445
-8078740
-8747800
-8549400
-9003700
-7030745
-7429740
-8066400
-7366500
-7548000
-5910145
-5200540
-5778300
-5142100
-4276600
-3239945
-3312040
-2586800
-1824200
-1600300
421655
-190940
772600
1463100
1751200
2815455
3120660
3023700
3224600
4254300
3410255
3730260
3660000
3327700
3884000
3069755
2732660
2594700
2200800
1890800
1168855
1014760
340000
-231500
-682300
-1443745
-1326740
-2344900
-2857300
-3448600
-3345545
-3502840
-4587100
-4963200
-5629100
-4926445
-4740340
-6213700
-6465900
-6903800
-5970145
-5852840
-7696700
-7957700
-8292300
-6683945
-6612540
-9078900
-9367200
-9421200
-8029745
-8079240
-10759000
-11209100
-11455800
-9692545
-9817740
-12817800
-13241900
-13776900
-11298845
-11535640
-14902700
-15295500
-15733300
-12958345
-12939940
-16341000
-16604000
-16831700
-13747145
-13928540
-16882600
-16875700
-17198000
-13385645
-13367340
-16297600
-16032200
-15938800
-12646145
-12242840
-14982000
-14663500
-14208200
-11251945
-10917840
-13291200
-12858800
-12286900
-9463945
-9616340
-11310000
-10844600
-10570600
-7939545
-8010040
-9470400
-9096900
-8830300
-6814645
-6632840
-7860100
-7522200
-7193600
-5128645
-5433040
-6163200
-5782700
-5490400
-3646445
-4003340
-4131100
-3735800
-3561600
-2119945
-2037240
-1935100
-1472100
-984900
-269245
-145440
629500
1147000
1539300
1919655
2072560
3117100
3495000
4099100
3943555
4073260
5695800
6127800
6740700
5848955
5676260
7712300
7946800
8030500
6420555
6994460
8244000
8153800
8552300
6663855
6593060
7263200
6850200
7122300
4886455
4359560
5132500
4706800
3953600
2082855
2099360
1038700
167900
-563200
-2047445
-1562440
-3758100
-4520100
-4765500
-4961245
-5873740
-7309200
-7793900
-9062200
-7881245
-8002640
-9274500
-9357600
-10362200
-8135945
-7784340
-9220800
-9023500
-9023700
-6351945
-6300840
-6484600
-5811300
-5348900
-2793245
-2887640
-2389900
-1668500
-1088600
367755
937260
1025900
1495700
2691500
2685255
3049860
2974800
3154700
4219400
3645155
3048760
3669500
3689000
3919000
3021855
2544660
3753700
3846200
3398600
2620855
2675360
4390800
4639800
4537600
3783955
3964160
6828500
7583600
7828100
7418955
7364560
11246300
12272900
12905500
11646555
12219360
15982900
16890500
18060300
15297355
15769460
19230300
19587900
20863500
16974955
16877360
19981800
19907000
20407200
16042255
15365960
18204600
17612000
17020100
12922155
12521260
14695500
13930400
12954600
9311255
9252860
11298900
10630000
9775800
7111555
7083560
9202000
8993900
8358200
6654155
6635560
8895800
9076900
8852600
7717255
8090160
9770400
10008700
10623600
8257555
9052560
10543900
10627400
11280800
9077355
9055160
10415200
10358000
10537600
8559655
7889260
9457400
9161800
8452100
6733355
6717960
7660600
7029900
6536500
4496155
4580460
5598100
5127500
4566900
3820655
3130660
4577100
4360100
3871100
3269955
3090560
4584100
4743200
4585400
3582955
4362560
5455600
5726000
6497400
4631755
5248860
6635800
7075700
7680000
6297755
6087360
7817100
8117500
8271400
7020955
6858360
8049700
8176400
8081800
6224755
6413060
7058900
6609800
6429200
4692655
4488360
4710500
4099600
3557600
2705055
1900060
2313700
1791800
918500
484755
324260
472800
134600
-387500
-1318245
-756040
-270600
-289300
-376100
-238845
-124440
932000
1417700
1778600
1827855
1768360
3740100
4436300
4771300
4599355
4925960
6543300
7051100
7820200
7024555
7224060
8437000
8790100
9826700
8262455
7986560
9397100
9379700
9735900
7533455
7437960
8451700
8123600
7711300
6058055
6220760
6442200
5924600
5830300
4159655
3912660
4546900
4202100
3625200
2361155
2346260
3207900
2955700
2056400
1669555
1950960
2076600
1850800
1627100
1008855
1160160
1471200
1297900
1306100
898955
647760
908900
875500
641400
618455
256960
-33400
-269000
-477900
-578145
-494740
-1437900
-1832700
-1800700
-2001445
-2136040
-2956900
-3281100
-3729400
-3268645
-3200640
-4406900
-4682400
-5068600
-4820545
-4342740
-5871700
-6312300
-6616100
-6298445
-5964340
-7379800
-7717100
-8063900
-6972845
-7273840
-8607700
-8712600
-9108900
-8036145
-8098440
-9638600
-9710100
-9847600
-8485145
-8692140
-10254500
-10141000
-10144800
-8037645
-8625440
-9795200
-9304500
-9264000
-6793745
-6723740
-7940000
-7269200
-6719900
-4898345
-4522140
-5278500
-4691900
-4034800
-1837845
-1705840
-2051000
-1406600
-606700
1138455
1039360
1183900
1639500
2242900
3245055
3388660
3503200
3576500
4130700
3996355
4004260
4251000
4115100
4328400
4104055
3916460
4120900
3933400
4037800
3047855
2978860
3696700
3559700
3225800
2207755
2274860
3448300
3392700
2924400
1915555
2209060
3590600
3803900
3692300
2863555
3219060
4545800
4767400
5155300
3854355
3804660
5411800
5608700
5688200
4654555
4303560
5399800
5354300
5392900
3984255
4188060
4125600
3938200
4266100
2698855
2655260
2454100
1999400
1856500
983255
290960
683800
315000
-699800
-790145
-865840
-424700
-582900
-1298600
-1001745
-522240
-355900
-203200
20800
96955
207060
1253100
1523000
1779100
1907255
1575260
3024800
3508200
3712400
3266355
3752160
4401100
4755900
5594000
4339855
4605960
4678300
4663700
5237400
3955755
3669860
3821600
3434000
3035300
2421955
1808660
1389300
777600
-18700
-705245
-212640
-1845200
-2721900
-3243200
-3540745
-3539540
-5624100
-6577100
-7381300
-6590545
-6958240
-9258000
-10054900
-11007200
-9821945
-9829940
-13144600
-13842500
-14489000
-13135645
-12220940
-16984400
-17622200
-16656800
-14520945
-14629940
-19567700
-20155700
-20876200
-17288145
-18016140
-22872500
-23245400
-24469200
-19786945
-19912040
-25668300
-26015600
-26641600
-21693245
-21435340
-26995700
-27180800
-27586800
-21441245
-22114140
-26582800
0
-28042900
-21306245
-21358240
-25328400
-24601500
-23974700
-18136845
-17651240
-20575400
-19545200
-18201800
-13497045
-13092940
-13962900
-12643900
-11587000
-7285145
-7197940
-6729000
-5185200
-3677200
-894145
-907540
1016900
2684500
4562000
5255755
5248360
8754400
10125600
11359200
10403255
10736860
14606000
15475300
16511200
14305955
14462160
17854400
18384200
19663200
16088655
15895660
18779100
18665700
19127700
14740355
14772160
16103600
15045000
14461000
10285355
10177760
8978900
7057700
5747400
2591255
2533560
-1987700
-4501500
-6108000
-8181445
-8359040
-15716900
-18905500
-21618600
-20805345
-21295640
-31431600
-34671400
-37979100
-34013045
-34291840
-46657900
-49462000
-52632800
-45378945
-45563440
-58777300
-60664200
-63239300
-52802745
-53146840
-65051600
-65477000
-67459300
-53988245
-54152840
-63382100
-61846000
-62064600
-47851545
-47630340
-52046200
-48597500
-46841400
-33264245
-33073040
-30828300
-25414900
-21771500
-10621045
-10369440
-665000
6301200
11642900
18127155
18568560
35329800
42902700
49845300
49228255
50122960
72108200
78957800
86584300
77446255
78651160
102829100
107645900
114643700
97484655
98323360
120857200
122464100
127571300
103434055
103681060
121023700
118682000
120534700
92442955
92190560
101331700
94976200
92407700
65112455
63972560
63244600
53831900
46681400
25275155
24017060
11915600
764400
-9302100
-21530345
-22486140
-44817000
-56131800
-67605400
-68001545
-69220740
-98969900
-108875900
-120811700
-108327245
-108777740
-143386900
-150353600
-160120800
-135432445
-136118540
-170260300
-172884800
-178973500
-145037545
-146305240
-171958900
-168937100
-171260800
-132796545
-132994640
-145335100
-136550900
-134167100
-95795745
-94209240
-90845500
-77133700
-68514700
-36262645
-34592840
-14878100
1816000
15772800
33914655
37072960
68615600
84785200
102628100
101380555
104758860
141344200
153263500
171370500
151432855
151930660
189085900
194857200
208440400
173134355
170989060
205407900
205233000
211555600
166317955
163942460
194253500
189658400
188223300
142403355
140072960
167039400
160619000
152970300
114155655
112749460
136029500
129948300
120412300
89086955
90700960
106380100
100314700
92647100
66765755
70708260
72316000
63805200
58003600
37270755
39717260
22209300
9744100
4225400
-11416045
-11980640
-50979800
-68039800
-76881500
-84470545
-88279440
-143974000
-163892000
-180919700
-168505245
-175462540
-239662000
-256749900
-278485500
-242874745
-247833040
-307112300
-313874200
-331507600
-274325545
-275515340
-314196200
-307607400
-317548000
-243208845
-242105140
-249071000
-228711400
-226701300
-149881045
-143685240
-123941900
-93799700
-71929900
-19055445
-7556040
29743400
60443900
96911400
115081755
121550060
166989900
188033400
223076700
205065455
204163060
245061800
252250400
276971600
226833155
223199060
249958500
244074500
254598100
188825555
181854560
200083000
186436000
178165600
120985455
111649160
131527200
118884100
97174100
61323755
56987760
83129700
78621400
58615900
42515855
46544160
79281500
83684500
75766900
69571955
77660160
112962000
120957500
125704400
115419855
123625360
148368100
151603600
164108500
137500755
143203560
141711800
132204800
142020000
100617855
99964060
63983600
40311800
37428600
-3491945
-11855140
-78314800
-111510900
-133418400
-152912245
-166215140
-247368200
-280025900
-320340200
-296301845
-306752140
-387859600
-407410000
-447660400
-380541645
-381181840
-442795200
-439429000
-460311500
-361903345
-357449840
-378749300
-353880400
-354044200
-245280645
-238210540
-216148000
-176599200
-154973200
-66769345
-51880040
-9657100
32622400
81708700
115505855
129917460
178807800
209410200
264031600
246756255
244432760
291099100
300081400
332753500
276328755
266690660
293878100
283383300
292743500
213482555
206398660
210100800
188447100
179331800
107468955
96278660
100098100
79434100
49971800
13791755
3118260
23336100
15377100
-17763100
-22194545
-18586740
17998600
27154400
13156900
24882655
38363960
87908400
107523200
117846600
125114255
136833560
189581500
207499700
231958300
213464855
222217560
254460300
258246400
285520800
